1 1 428 98 104 236 -1 -1 -1 -1
1 2 172 82 104 236 -1 -1 -1 -1
1 3 556.67 81.665 86.667 196.67 -1 -1 -1 -1
1 4 83.727 103.72 94.545 214.55 -1 -1 -1 -1
1 5 505.56 115.47 56.877 129.07 -1 -1 -1 -1
2 1 428 98 104 236 -1 -1 -1 -1
2 2 172 82 104 236 -1 -1 -1 -1
2 3 563 88.23 80 181.54 -1 -1 -1 -1
2 4 68.727 103.72 94.545 214.55 -1 -1 -1 -1
2 5 505.56 115.47 56.877 129.07 -1 -1 -1 -1
3 1 428 98 104 236 -1 -1 -1 -1
3 2 172 82 104 236 -1 -1 -1 -1
3 3 556.67 81.665 86.667 196.67 -1 -1 -1 -1
3 4 68.727 103.72 94.545 214.55 -1 -1 -1 -1
3 5 510 121 52 118 -1 -1 -1 -1
4 1 428 98 104 236 -1 -1 -1 -1
4 2 184.73 88.725 94.545 214.55 -1 -1 -1 -1
4 3 556.67 81.665 86.667 196.67 -1 -1 -1 -1
4 4 76.666 121.67 86.667 196.67 -1 -1 -1 -1
4 5 497.56 115.47 56.877 129.07 -1 -1 -1 -1
5 1 446.73 88.725 94.545 214.55 -1 -1 -1 -1
5 2 184.73 88.725 94.545 214.55 -1 -1 -1 -1
5 3 556.67 81.665 86.667 196.67 -1 -1 -1 -1
5 4 62.666 121.67 86.667 196.67 -1 -1 -1 -1
5 5 505.56 106.47 56.877 129.07 -1 -1 -1 -1
6 1 444.71 99.113 94.545 214.55 -1 -1 -1 -1
6 2 184.58 79.718 104 236 -1 -1 -1 -1
6 3 556.59 81.691 86.667 196.67 -1 -1 -1 -1
6 4 62.984 122.31 86.667 196.67 -1 -1 -1 -1
6 5 502.95 110.17 55.902 126.86 -1 -1 -1 -1
7 1 447.35 100.14 94.545 214.55 -1 -1 -1 -1
7 2 187.85 80.642 104 236 -1 -1 -1 -1
7 3 556.5 81.721 86.667 196.67 -1 -1 -1 -1
7 4 47.808 109.9 94.545 214.55 -1 -1 -1 -1
7 5 502.43 108.74 55.707 126.41 -1 -1 -1 -1
8 1 444.91 85.369 104 236 -1 -1 -1 -1
8 2 197.56 97.023 94.545 214.55 -1 -1 -1 -1
8 3 562.38 75.362 86.667 196.67 -1 -1 -1 -1
8 4 40.794 107.33 94.545 214.55 -1 -1 -1 -1
8 5 501.93 107.35 55.472 125.88 -1 -1 -1 -1
9 1 446.08 82.731 104 236 -1 -1 -1 -1
9 2 200.59 100.93 94.545 214.55 -1 -1 -1 -1
9 3 554.55 77.137 86.667 196.67 -1 -1 -1 -1
9 4 37.605 112.22 86.667 196.67 -1 -1 -1 -1
9 5 500.97 104.91 56.167 127.46 -1 -1 -1 -1
10 1 446.49 81.154 104 236 -1 -1 -1 -1
10 2 203.09 121.99 86.667 196.67 -1 -1 -1 -1
10 3 548.72 78.674 86.667 196.67 -1 -1 -1 -1
10 4 26.048 102.63 94.545 214.55 -1 -1 -1 -1
10 5 500.42 103.42 56.025 127.14 -1 -1 -1 -1
11 1 444.58 70.413 112.01 254.17 -1 -1 -1 -1
11 2 212.71 124.8 86.667 196.67 -1 -1 -1 -1
11 3 544.67 79.912 86.667 196.67 -1 -1 -1 -1
11 4 21.558 95.917 94.545 214.55 -1 -1 -1 -1
11 5 499.89 101.96 55.854 126.75 -1 -1 -1 -1
12 1 454.56 79.479 104 236 -1 -1 -1 -1
12 2 224.93 131.86 80 181.54 -1 -1 -1 -1
12 3 542.11 80.837 86.667 196.67 -1 -1 -1 -1
12 4 11.226 89.081 104 236 -1 -1 -1 -1
12 5 499.28 100.32 55.845 126.73 -1 -1 -1 -1
12 6 374.73 88.725 94.545 214.55 -1 -1 -1 -1
12 7 403.73 103.72 94.545 214.55 -1 -1 -1 -1
13 1 458.66 79.788 104 236 -1 -1 -1 -1
13 2 225.64 112.07 94.545 214.55 -1 -1 -1 -1
13 3 540.73 81.469 86.667 196.67 -1 -1 -1 -1
13 4 10.277 101 94.545 214.55 -1 -1 -1 -1
13 5 498.65 98.643 55.873 126.79 -1 -1 -1 -1
13 6 375.05 87.847 94.545 214.55 -1 -1 -1 -1
13 7 399.88 100.69 94.545 214.55 -1 -1 -1 -1
14 1 464.6 95.704 94.545 214.55 -1 -1 -1 -1
14 2 236.24 115.93 86.667 196.67 -1 -1 -1 -1
14 3 540.07 88.989 80 181.54 -1 -1 -1 -1
14 4 -1.9296 93.455 104 236 -1 -1 -1 -1
14 6 376.15 87.139 94.545 214.55 -1 -1 -1 -1
14 7 411.33 116.02 86.667 196.67 -1 -1 -1 -1
15 1 464.92 99.684 94.545 214.55 -1 -1 -1 -1
15 2 240.09 111.98 86.667 196.67 -1 -1 -1 -1
15 3 532.06 81.731 86.667 196.67 -1 -1 -1 -1
15 4 -6.4548 95.846 104 236 -1 -1 -1 -1
15 6 361.85 70.744 104 236 -1 -1 -1 -1
15 7 397.03 91.364 104 236 -1 -1 -1 -1
16 1 468.15 87.008 104 236 -1 -1 -1 -1
16 2 241.84 109.18 86.667 196.67 -1 -1 -1 -1
16 3 529.08 81.898 86.667 196.67 -1 -1 -1 -1
16 4 0.30959 106.06 94.545 214.55 -1 -1 -1 -1
16 6 369.1 74.121 104 236 -1 -1 -1 -1
16 7 420.26 94.597 104 236 -1 -1 -1 -1
17 1 473.68 85.259 104 236 -1 -1 -1 -1
17 2 242.98 94.146 94.545 214.55 -1 -1 -1 -1
17 3 532.94 83.506 80 181.54 -1 -1 -1 -1
17 4 -13.115 96.892 104 236 -1 -1 -1 -1
17 6 374.48 76.957 104 236 -1 -1 -1 -1
17 7 436.18 96.825 104 236 -1 -1 -1 -1
18 1 477.13 83.848 104 236 -1 -1 -1 -1
18 2 245.97 89.986 94.545 214.55 -1 -1 -1 -1
18 3 533.89 84.649 80 181.54 -1 -1 -1 -1
18 4 -18.948 97.923 104 236 -1 -1 -1 -1
18 6 378.21 79.185 104 236 -1 -1 -1 -1
18 7 444 106.8 94.545 214.55 -1 -1 -1 -1
19 1 485.83 82.808 104 236 -1 -1 -1 -1
19 2 252.18 100.7 86.667 196.67 -1 -1 -1 -1
19 3 531.32 80.864 82.667 187.59 -1 -1 -1 -1
19 4 -18.969 107.09 94.545 214.55 -1 -1 -1 -1
19 6 380.56 80.806 104 236 -1 -1 -1 -1
19 7 444.35 105.99 94.545 214.55 -1 -1 -1 -1
20 1 491.58 82.113 104 236 -1 -1 -1 -1
20 2 248.36 95.801 94.545 214.55 -1 -1 -1 -1
20 3 529.82 79.5 83.2 188.8 -1 -1 -1 -1
20 4 -18.938 118.59 86.667 196.67 -1 -1 -1 -1
20 6 381.83 81.881 104 236 -1 -1 -1 -1
20 7 431.46 96.664 104 236 -1 -1 -1 -1
21 1 494.9 81.702 104 236 -1 -1 -1 -1
21 2 260.55 112.21 74.286 168.57 -1 -1 -1 -1
21 3 528.93 79.528 82.507 187.23 -1 -1 -1 -1
21 4 -20.961 120.44 86.667 196.67 -1 -1 -1 -1
21 6 389.2 82.509 104 236 -1 -1 -1 -1
21 7 431.22 97.633 104 236 -1 -1 -1 -1
22 1 496.43 81.506 104 236 -1 -1 -1 -1
22 2 254.94 87.835 94.545 214.55 -1 -1 -1 -1
22 3 567.37 106.79 56.877 129.07 -1 -1 -1 -1
22 4 -29.165 111.98 95.176 215.98 -1 -1 -1 -1
22 6 394.27 82.802 104 236 -1 -1 -1 -1
22 7 434.58 102.7 100.22 227.42 -1 -1 -1 -1
23 1 496.74 81.457 104 236 -1 -1 -1 -1
23 2 257.88 87.156 94.545 214.55 -1 -1 -1 -1
23 3 574.07 112.23 52 118 -1 -1 -1 -1
23 4 -32.232 115.18 93.411 211.97 -1 -1 -1 -1
23 6 397.38 82.866 104 236 -1 -1 -1 -1
23 7 430.67 98.513 104 236 -1 -1 -1 -1
24 1 504.48 90.503 94.545 214.55 -1 -1 -1 -1
24 2 263.9 100.21 86.667 196.67 -1 -1 -1 -1
24 3 568.68 89.384 71.45 162.14 -1 -1 -1 -1
24 4 -35.123 118.78 91.293 207.17 -1 -1 -1 -1
24 6 401.22 83.391 104 236 -1 -1 -1 -1
24 7 421.89 90.808 104 236 -1 -1 -1 -1
25 1 506.23 89.32 94.545 214.55 -1 -1 -1 -1
25 2 267.01 90.262 94.545 214.55 -1 -1 -1 -1
25 3 582.31 116.68 52 118 -1 -1 -1 -1
25 4 -38.747 120.72 90.643 205.69 -1 -1 -1 -1
25 6 405.06 83.916 104 236 -1 -1 -1 -1
25 7 416.37 85.96 104 236 -1 -1 -1 -1
26 1 507.03 88.57 94.545 214.55 -1 -1 -1 -1
26 2 271.76 89.493 94.545 214.55 -1 -1 -1 -1
26 3 581.05 104.94 62.967 142.89 -1 -1 -1 -1
26 4 -43.094 121.01 91.438 207.5 -1 -1 -1 -1
26 6 411.01 82.782 104 236 -1 -1 -1 -1
26 7 413.81 84.301 103.24 234.28 -1 -1 -1 -1
26 8 164.98 84.8 68.041 154.4 -1 -1 -1 -1
27 1 505.91 79.157 104 236 -1 -1 -1 -1
27 2 278.53 102.2 86.667 196.67 -1 -1 -1 -1
27 3 587.23 110.09 59.059 134.02 -1 -1 -1 -1
27 4 -47.521 121.13 92.392 209.66 -1 -1 -1 -1
27 6 413.61 82.441 104 236 -1 -1 -1 -1
27 7 410.94 81.955 103.09 233.94 -1 -1 -1 -1
27 8 164.98 84.8 68.041 154.4 -1 -1 -1 -1
28 1 508.23 80.267 104 236 -1 -1 -1 -1
28 2 281.98 91.798 94.545 214.55 -1 -1 -1 -1
28 3 591.24 110.31 59.495 135.01 -1 -1 -1 -1
28 6 415 82.249 104 236 -1 -1 -1 -1
28 7 443.99 70.406 112.01 254.17 -1 -1 -1 -1
28 8 164.98 84.8 68.041 154.4 -1 -1 -1 -1
29 1 509.53 81.12 104 236 -1 -1 -1 -1
29 2 290.31 103.82 86.667 196.67 -1 -1 -1 -1
29 3 594.72 109.32 60.994 138.41 -1 -1 -1 -1
29 6 415.53 82.12 104 236 -1 -1 -1 -1
29 7 470.18 95.739 86.667 196.67 -1 -1 -1 -1
29 8 164.98 84.8 68.041 154.4 -1 -1 -1 -1
30 1 510.07 81.719 104 236 -1 -1 -1 -1
30 2 289.22 92.82 94.545 214.55 -1 -1 -1 -1
30 6 415.42 82.032 104 236 -1 -1 -1 -1
30 7 457.99 70.088 104 236 -1 -1 -1 -1
30 8 164.98 89.222 68.041 154.4 -1 -1 -1 -1
31 1 510.11 82.096 104 236 -1 -1 -1 -1
31 2 304.53 110.68 74.286 168.57 -1 -1 -1 -1
31 6 414.04 97.445 94.545 214.55 -1 -1 -1 -1
31 7 452.53 82.31 94.545 214.55 -1 -1 -1 -1
31 8 164.98 92.377 68.041 154.4 -1 -1 -1 -1
32 1 516.75 82.298 104 236 -1 -1 -1 -1
32 2 302.75 100.55 86.667 196.67 -1 -1 -1 -1
32 6 421.76 94.443 94.545 214.55 -1 -1 -1 -1
32 7 462.96 83.913 94.545 214.55 -1 -1 -1 -1
32 8 158.14 78.305 80 181.54 -1 -1 -1 -1
33 1 521.46 82.376 104 236 -1 -1 -1 -1
33 2 305.25 103.7 86.667 196.67 -1 -1 -1 -1
33 6 422.84 83.004 104 236 -1 -1 -1 -1
33 7 461.05 69.535 104 236 -1 -1 -1 -1
33 8 164.34 89.482 68.041 154.4 -1 -1 -1 -1
34 1 524.46 82.372 104 236 -1 -1 -1 -1
34 2 315.98 122.2 74.286 168.57 -1 -1 -1 -1
34 6 426.8 82.469 104 236 -1 -1 -1 -1
34 7 462.51 67.001 104 236 -1 -1 -1 -1
34 8 164.55 91.827 68.041 154.4 -1 -1 -1 -1
35 1 533.43 91.327 94.545 214.55 -1 -1 -1 -1
35 2 317.11 115.38 80 181.54 -1 -1 -1 -1
35 6 422.3 75.203 104 236 -1 -1 -1 -1
35 7 456.09 72.359 104 236 -1 -1 -1 -1
35 8 164.73 93.543 68.041 154.4 -1 -1 -1 -1
36 1 536.01 89.987 94.545 214.55 -1 -1 -1 -1
36 2 317.33 108.52 86.667 196.67 -1 -1 -1 -1
36 6 423.59 92.257 94.545 214.55 -1 -1 -1 -1
36 7 454.76 85.631 94.545 214.55 -1 -1 -1 -1
36 8 164.86 94.68 68.041 154.4 -1 -1 -1 -1
37 1 537.31 89.063 94.545 214.55 -1 -1 -1 -1
37 2 319.27 108.81 86.667 196.67 -1 -1 -1 -1
37 6 420.44 86.039 100.22 227.42 -1 -1 -1 -1
37 7 450.3 87.472 94.545 214.55 -1 -1 -1 -1
37 8 173.4 106.66 52 118 -1 -1 -1 -1
38 1 537.73 88.493 94.545 214.55 -1 -1 -1 -1
38 2 327.24 115.1 80 181.54 -1 -1 -1 -1
38 6 436.4 90.449 94.545 214.55 -1 -1 -1 -1
38 7 459.8 95.141 94.545 214.55 -1 -1 -1 -1
38 8 158.48 74.417 80 181.54 -1 -1 -1 -1
39 1 537.16 79.193 104 236 -1 -1 -1 -1
39 2 330.11 108.85 80 181.54 -1 -1 -1 -1
39 6 443.1 89.415 94.545 214.55 -1 -1 -1 -1
39 7 467.23 100.6 94.545 214.55 -1 -1 -1 -1
39 8 157.77 74.251 80 181.54 -1 -1 -1 -1
40 1 546.33 89.367 94.545 214.55 -1 -1 -1 -1
40 2 330 97.488 86.667 196.67 -1 -1 -1 -1
40 6 447.04 88.799 94.545 214.55 -1 -1 -1 -1
40 7 472.54 104.11 94.545 214.55 -1 -1 -1 -1
40 8 157.27 74.281 80 181.54 -1 -1 -1 -1
41 1 549.18 88.972 94.545 214.55 -1 -1 -1 -1
41 2 338.99 101.67 80 181.54 -1 -1 -1 -1
41 6 443.16 94.958 94.545 214.55 -1 -1 -1 -1
41 7 469.95 99.604 94.545 214.55 -1 -1 -1 -1
41 8 156.95 74.419 80 181.54 -1 -1 -1 -1
42 1 550.74 88.715 94.545 214.55 -1 -1 -1 -1
42 2 340.99 92.85 86.667 196.67 -1 -1 -1 -1
42 6 459.73 107.87 74.286 168.57 -1 -1 -1 -1
42 7 479.71 130.26 74.286 168.57 -1 -1 -1 -1
42 8 156.77 74.601 80 181.54 -1 -1 -1 -1
43 1 544.92 79.565 104 236 -1 -1 -1 -1
43 2 344.24 92.367 86.667 196.67 -1 -1 -1 -1
43 6 459.28 93.039 86.667 196.67 -1 -1 -1 -1
43 7 481.12 114.34 86.667 196.67 -1 -1 -1 -1
43 8 171.99 102.25 52 118 -1 -1 -1 -1
44 1 550.13 89.777 94.545 214.55 -1 -1 -1 -1
44 2 345.89 92.385 86.667 196.67 -1 -1 -1 -1
44 6 447.84 79.127 94.545 214.55 -1 -1 -1 -1
44 7 472.28 99.184 94.545 214.55 -1 -1 -1 -1
44 8 157.65 71.769 80 181.54 -1 -1 -1 -1
45 1 555.88 102.59 86.667 196.67 -1 -1 -1 -1
45 2 346.42 92.685 86.667 196.67 -1 -1 -1 -1
45 6 441.63 75.732 94.545 214.55 -1 -1 -1 -1
45 7 468.14 94.31 94.545 214.55 -1 -1 -1 -1
45 8 157.37 72.942 80 181.54 -1 -1 -1 -1
46 1 557.01 105.45 86.667 196.67 -1 -1 -1 -1
46 2 352.27 93.108 86.667 196.67 -1 -1 -1 -1
46 6 449.46 79.707 94.545 214.55 -1 -1 -1 -1
46 7 484.81 104.06 86.667 196.67 -1 -1 -1 -1
46 8 157.17 73.902 80 181.54 -1 -1 -1 -1
47 1 558.4 100.57 94.545 214.55 -1 -1 -1 -1
47 2 356.16 93.548 86.667 196.67 -1 -1 -1 -1
47 6 438.26 67.224 104 236 -1 -1 -1 -1
47 7 480.52 91.743 94.545 214.55 -1 -1 -1 -1
47 8 157.03 74.618 80 181.54 -1 -1 -1 -1
48 1 556.1 87.826 104 236 -1 -1 -1 -1
48 2 364.03 93.94 86.667 196.67 -1 -1 -1 -1
48 6 437.99 81.958 94.545 214.55 -1 -1 -1 -1
48 7 479.7 89.432 94.545 214.55 -1 -1 -1 -1
48 8 156.95 75.105 80 181.54 -1 -1 -1 -1
49 1 568.29 108.18 86.667 196.67 -1 -1 -1 -1
49 2 369.24 94.257 86.667 196.67 -1 -1 -1 -1
49 6 434.48 85.102 94.545 214.55 -1 -1 -1 -1
49 7 478.73 88.026 94.545 214.55 -1 -1 -1 -1
49 8 172.2 102.87 52 118 -1 -1 -1 -1
50 1 565.67 95.269 94.545 214.55 -1 -1 -1 -1
50 2 372.26 94.489 86.667 196.67 -1 -1 -1 -1
50 6 434.37 101.71 80 181.54 -1 -1 -1 -1
50 7 477.8 87.313 94.545 214.55 -1 -1 -1 -1
50 8 164.69 84.216 68.041 154.4 -1 -1 -1 -1
51 1 553.71 92.171 94.545 214.55 -1 -1 -1 -1
51 2 379.24 94.644 86.667 196.67 -1 -1 -1 -1
51 6 429.35 101.58 80 181.54 -1 -1 -1 -1
51 7 483.45 87.086 94.545 214.55 -1 -1 -1 -1
51 8 173.47 99.653 52 118 -1 -1 -1 -1
52 1 556.94 89.967 94.545 214.55 -1 -1 -1 -1
52 2 383.66 94.734 86.667 196.67 -1 -1 -1 -1
52 6 429.17 101.8 74.286 168.57 -1 -1 -1 -1
52 7 487.6 87.166 94.545 214.55 -1 -1 -1 -1
52 8 158.68 70.271 80 181.54 -1 -1 -1 -1
53 1 559.65 88.552 94.545 214.55 -1 -1 -1 -1
53 2 386.05 94.777 86.667 196.67 -1 -1 -1 -1
53 6 415.02 84.309 86.667 196.67 -1 -1 -1 -1
53 7 496.38 87.41 94.545 214.55 -1 -1 -1 -1
53 8 173.3 99.733 52 118 -1 -1 -1 -1
54 1 560.98 88.834 92.969 210.97 -1 -1 -1 -1
54 2 386.98 94.788 86.667 196.67 -1 -1 -1 -1
54 6 409.8 82.013 86.667 196.67 -1 -1 -1 -1
54 7 502.45 87.716 94.545 214.55 -1 -1 -1 -1
54 8 173.75 98.07 52 118 -1 -1 -1 -1
55 1 560.89 85.898 94.23 213.83 -1 -1 -1 -1
55 2 392.98 94.778 86.667 196.67 -1 -1 -1 -1
55 6 421.75 92.956 80 181.54 -1 -1 -1 -1
55 7 506.2 88.019 94.545 214.55 -1 -1 -1 -1
55 8 158.75 69.516 80 181.54 -1 -1 -1 -1
56 1 561.46 84.463 94.167 213.69 -1 -1 -1 -1
56 2 396.87 94.758 86.667 196.67 -1 -1 -1 -1
56 6 419.63 94.693 86.667 196.67 -1 -1 -1 -1
56 7 508.15 88.282 94.545 214.55 -1 -1 -1 -1
56 8 157.95 72.076 80 181.54 -1 -1 -1 -1
57 1 541.06 87.277 94.545 214.55 -1 -1 -1 -1
57 2 399.06 94.735 86.667 196.67 -1 -1 -1 -1
57 6 420.71 101.65 86.667 196.67 -1 -1 -1 -1
57 7 508.82 82.467 94.545 214.55 -1 -1 -1 -1
57 8 157.38 73.937 80 181.54 -1 -1 -1 -1
58 1 537.51 87.274 94.091 213.52 -1 -1 -1 -1
58 2 400.01 94.713 86.667 196.67 -1 -1 -1 -1
58 6 421.58 95.195 86.667 196.67 -1 -1 -1 -1
58 7 508.69 84.188 94.545 214.55 -1 -1 -1 -1
58 8 157 75.163 80 181.54 -1 -1 -1 -1
59 1 543.26 87.833 94.545 214.55 -1 -1 -1 -1
59 2 400.12 94.694 86.667 196.67 -1 -1 -1 -1
59 6 422.21 89.795 86.667 196.67 -1 -1 -1 -1
59 7 515.48 93.396 86.667 196.67 -1 -1 -1 -1
59 8 156.79 75.87 80 181.54 -1 -1 -1 -1
60 1 530.68 88.193 94.545 214.55 -1 -1 -1 -1
60 2 399.74 94.68 86.667 196.67 -1 -1 -1 -1
60 6 422.63 96.863 86.667 196.67 -1 -1 -1 -1
60 7 514.56 85.839 92.969 210.97 -1 -1 -1 -1
60 8 171.98 103.66 52 118 -1 -1 -1 -1
61 1 523.38 88.41 94.545 214.55 -1 -1 -1 -1
61 2 407.91 106.57 74.286 168.57 -1 -1 -1 -1
61 6 429.92 113.74 74.286 168.57 -1 -1 -1 -1
61 7 516.95 85.791 92.654 210.26 -1 -1 -1 -1
61 8 157.63 73.075 80 181.54 -1 -1 -1 -1
62 1 518.3 88.543 94.454 214.34 -1 -1 -1 -1
62 2 404.43 94.685 84.191 191.05 -1 -1 -1 -1
62 6 425.94 115.6 74.286 168.57 -1 -1 -1 -1
62 7 527.27 93.869 86.667 196.67 -1 -1 -1 -1
62 8 157.35 74.025 80 181.54 -1 -1 -1 -1
63 1 513.18 88.594 94.436 214.3 -1 -1 -1 -1
63 2 398.39 92.825 80 181.54 -1 -1 -1 -1
63 6 422.89 116.67 74.286 168.57 -1 -1 -1 -1
63 7 530.16 94.278 86.667 196.67 -1 -1 -1 -1
63 8 157.15 74.719 80 181.54 -1 -1 -1 -1
64 1 524.09 95.538 86.667 196.67 -1 -1 -1 -1
64 2 394.24 89.441 80 181.54 -1 -1 -1 -1
64 6 422.65 106.81 80 181.54 -1 -1 -1 -1
64 7 544.06 100.44 86.667 196.67 -1 -1 -1 -1
64 8 157.01 75.18 80 181.54 -1 -1 -1 -1
65 1 525.92 94.881 86.667 196.67 -1 -1 -1 -1
65 2 386.15 80.377 86.667 196.67 -1 -1 -1 -1
65 6 424.81 104.05 80 181.54 -1 -1 -1 -1
65 7 548.94 99.355 89.125 202.25 -1 -1 -1 -1
65 8 156.93 75.449 80 181.54 -1 -1 -1 -1
66 1 526.97 94.522 86.667 196.67 -1 -1 -1 -1
66 2 383.11 79.66 86.667 196.67 -1 -1 -1 -1
66 6 426.46 101.98 80 181.54 -1 -1 -1 -1
66 7 556.5 106.01 86.667 196.67 -1 -1 -1 -1
66 8 156.9 75.575 80 181.54 -1 -1 -1 -1
67 1 524.78 90.545 89.778 203.73 -1 -1 -1 -1
67 2 381.21 86.624 80 181.54 -1 -1 -1 -1
67 6 427.59 100.59 80 181.54 -1 -1 -1 -1
67 7 547.08 94.19 94.545 214.55 -1 -1 -1 -1
67 8 156.89 75.602 80 181.54 -1 -1 -1 -1
68 1 524.61 91.159 88.843 201.61 -1 -1 -1 -1
68 2 377.83 86.485 80 181.54 -1 -1 -1 -1
68 6 428.29 99.744 80 181.54 -1 -1 -1 -1
68 7 548.93 99.81 86.667 196.67 -1 -1 -1 -1
68 8 163.74 91.721 68.041 154.4 -1 -1 -1 -1
69 1 528.21 75.765 86.667 196.67 -1 -1 -1 -1
69 2 375.92 86.63 80 181.54 -1 -1 -1 -1
69 6 430.47 87.03 86.667 196.67 -1 -1 -1 -1
69 7 553.21 97.404 86.667 196.67 -1 -1 -1 -1
69 8 164.39 93.566 68.041 154.4 -1 -1 -1 -1
70 1 527.78 70.024 87.724 199.07 -1 -1 -1 -1
70 2 375.11 86.919 80 181.54 -1 -1 -1 -1
70 6 434.41 83.413 86.667 196.67 -1 -1 -1 -1
70 7 550.39 82.013 94.545 214.55 -1 -1 -1 -1
70 8 164.84 94.774 68.041 154.4 -1 -1 -1 -1
71 1 529.21 67.303 86.667 196.67 -1 -1 -1 -1
71 2 374.85 92.874 74.286 168.57 -1 -1 -1 -1
71 6 436.94 81.128 86.667 196.67 -1 -1 -1 -1
71 7 556.48 85.499 86.667 196.67 -1 -1 -1 -1
71 8 165.11 95.466 68.041 154.4 -1 -1 -1 -1
72 1 529.58 72.283 86.667 196.67 -1 -1 -1 -1
72 2 372.95 92.552 74.286 168.57 -1 -1 -1 -1
72 6 446.84 92.19 80 181.54 -1 -1 -1 -1
72 7 557.73 87.521 86.667 196.67 -1 -1 -1 -1
72 8 165.14 85.681 74.286 168.57 -1 -1 -1 -1
73 1 529.56 69.483 87.314 198.14 -1 -1 -1 -1
73 2 371.99 92.389 74.286 168.57 -1 -1 -1 -1
73 6 451.24 95.207 80 181.54 -1 -1 -1 -1
73 7 558.3 83.975 86.667 196.67 -1 -1 -1 -1
73 8 160.68 77.454 80 181.54 -1 -1 -1 -1
74 1 530.03 67.763 87.008 197.44 -1 -1 -1 -1
74 2 366.67 86.713 80 181.54 -1 -1 -1 -1
74 6 456.27 102.76 74.286 168.57 -1 -1 -1 -1
74 7 552.75 73.586 94.545 214.55 -1 -1 -1 -1
74 8 166.03 82.233 74.286 168.57 -1 -1 -1 -1
75 1 529.93 76.812 86.667 196.67 -1 -1 -1 -1
75 2 365.18 87.367 80 181.54 -1 -1 -1 -1
75 6 454.78 98.297 80 181.54 -1 -1 -1 -1
75 7 556.99 86.585 86.667 196.67 -1 -1 -1 -1
75 8 167.92 91.163 68.041 154.4 -1 -1 -1 -1
76 1 536.64 79.533 86.667 196.67 -1 -1 -1 -1
76 2 364.43 87.85 80 181.54 -1 -1 -1 -1
76 6 462.79 104.89 74.286 168.57 -1 -1 -1 -1
76 7 562.71 89.924 86.667 196.67 -1 -1 -1 -1
76 8 166.84 92.678 68.041 154.4 -1 -1 -1 -1
77 1 528.44 86.995 86.667 196.67 -1 -1 -1 -1
77 2 364.21 88.173 80 181.54 -1 -1 -1 -1
77 6 466.12 104.8 74.286 168.57 -1 -1 -1 -1
77 7 565.89 99.133 80 181.54 -1 -1 -1 -1
77 8 165.88 83.716 74.286 168.57 -1 -1 -1 -1
78 1 528.47 86.185 86.667 196.67 -1 -1 -1 -1
78 2 364.59 93.99 74.286 168.57 -1 -1 -1 -1
78 6 467.98 104.61 74.286 168.57 -1 -1 -1 -1
78 7 560.81 93.504 86.667 196.67 -1 -1 -1 -1
78 8 167.6 92.359 68.041 154.4 -1 -1 -1 -1
79 1 528.63 85.192 86.667 196.67 -1 -1 -1 -1
79 2 362.95 93.446 74.286 168.57 -1 -1 -1 -1
79 6 468.77 104.39 74.286 168.57 -1 -1 -1 -1
79 7 559.28 94.756 86.667 196.67 -1 -1 -1 -1
79 8 166.47 93.558 68.041 154.4 -1 -1 -1 -1
80 1 528.85 84.174 86.667 196.67 -1 -1 -1 -1
80 2 356.85 93.044 74.286 168.57 -1 -1 -1 -1
80 6 463.95 86.688 86.667 196.67 -1 -1 -1 -1
80 7 558.08 95.457 86.667 196.67 -1 -1 -1 -1
80 8 165.63 94.4 68.041 154.4 -1 -1 -1 -1
81 1 534.41 96.02 74.286 168.57 -1 -1 -1 -1
81 2 352.61 92.772 74.286 168.57 -1 -1 -1 -1
81 6 477.32 101.66 68.041 154.4 -1 -1 -1 -1
81 7 560.83 107.66 74.286 168.57 -1 -1 -1 -1
81 8 165.08 94.93 68.041 154.4 -1 -1 -1 -1
82 1 529.12 84.348 84.191 191.05 -1 -1 -1 -1
82 2 349.97 92.61 74.286 168.57 -1 -1 -1 -1
82 6 475.28 91.876 80 181.54 -1 -1 -1 -1
82 7 554.21 100.9 80 181.54 -1 -1 -1 -1
82 8 169.48 95.216 68.041 154.4 -1 -1 -1 -1
83 1 534.93 88.42 80 181.54 -1 -1 -1 -1
83 2 348.3 86.906 80 181.54 -1 -1 -1 -1
83 6 477.75 95.098 80 181.54 -1 -1 -1 -1
83 7 556.82 105.83 80 181.54 -1 -1 -1 -1
83 8 172.81 95.326 68.041 154.4 -1 -1 -1 -1
84 1 514.35 93.583 74.286 168.57 -1 -1 -1 -1
84 2 349.7 87.52 80 181.54 -1 -1 -1 -1
84 6 479.45 116.75 68.041 154.4 -1 -1 -1 -1
84 7 548.34 104.29 80 181.54 -1 -1 -1 -1
84 8 170.27 85.226 74.286 168.57 -1 -1 -1 -1
85 1 509.48 87.211 80 181.54 -1 -1 -1 -1
85 2 351.05 87.96 80 181.54 -1 -1 -1 -1
85 6 482.14 108.67 74.286 168.57 -1 -1 -1 -1
85 7 542.19 102.89 80 181.54 -1 -1 -1 -1
85 8 170.43 82.934 74.286 168.57 -1 -1 -1 -1
86 1 519.04 97.776 74.286 168.57 -1 -1 -1 -1
86 2 351.29 98.805 68.041 154.4 -1 -1 -1 -1
86 6 484.74 102.27 80 181.54 -1 -1 -1 -1
86 7 538.84 104.21 78.857 178.95 -1 -1 -1 -1
86 8 170.31 81.344 74.286 168.57 -1 -1 -1 -1
87 1 524.62 100.8 74.286 168.57 -1 -1 -1 -1
87 2 347.09 96.742 68.041 154.4 -1 -1 -1 -1
87 6 494.69 107.26 74.286 168.57 -1 -1 -1 -1
87 7 550.54 101.41 80 181.54 -1 -1 -1 -1
87 8 174.91 90.454 68.041 154.4 -1 -1 -1 -1
88 1 528.96 102.89 74.286 168.57 -1 -1 -1 -1
88 2 340.75 90.384 74.286 168.57 -1 -1 -1 -1
88 6 499.4 105.96 74.286 168.57 -1 -1 -1 -1
88 7 551.07 101.28 79.771 181.02 -1 -1 -1 -1
88 8 171.04 82.066 74.286 168.57 -1 -1 -1 -1
89 1 526.73 92.295 86.667 196.67 -1 -1 -1 -1
89 2 338.8 91.095 74.286 168.57 -1 -1 -1 -1
89 6 499.81 87.436 86.667 196.67 -1 -1 -1 -1
89 7 551.51 100.94 79.726 180.92 -1 -1 -1 -1
89 8 170.34 81.151 74.286 168.57 -1 -1 -1 -1
90 1 534.85 106.44 80 181.54 -1 -1 -1 -1
90 2 337.82 91.707 74.286 168.57 -1 -1 -1 -1
90 6 510.72 96.449 80 181.54 -1 -1 -1 -1
90 7 551.95 100.61 79.671 180.79 -1 -1 -1 -1
90 8 169.75 80.574 74.286 168.57 -1 -1 -1 -1
90 9 383.56 106.47 56.877 129.07 -1 -1 -1 -1
91 1 537.98 105.75 80 181.54 -1 -1 -1 -1
91 2 331.23 86.559 80 181.54 -1 -1 -1 -1
91 6 515.73 102.95 74.286 168.57 -1 -1 -1 -1
91 7 552.39 100.3 79.605 180.64 -1 -1 -1 -1
91 8 174.14 90.359 68.041 154.4 -1 -1 -1 -1
91 9 383.56 106.47 56.877 129.07 -1 -1 -1 -1
92 1 539.76 104.66 80 181.54 -1 -1 -1 -1
92 2 328.81 87.534 80 181.54 -1 -1 -1 -1
92 6 516.06 92.702 80 181.54 -1 -1 -1 -1
92 7 552.73 99.741 79.755 180.98 -1 -1 -1 -1
92 8 175.1 88.162 68.041 154.4 -1 -1 -1 -1
92 9 383.56 106.47 56.877 129.07 -1 -1 -1 -1
93 1 542.39 105.7 80.191 181.97 -1 -1 -1 -1
93 2 327.46 88.178 80 181.54 -1 -1 -1 -1
93 6 523.05 100.34 74.286 168.57 -1 -1 -1 -1
93 7 553.17 99.408 79.706 180.87 -1 -1 -1 -1
93 8 175.76 86.482 68.041 154.4 -1 -1 -1 -1
93 9 383.56 106.47 56.877 129.07 -1 -1 -1 -1
94 1 541.13 103.25 80 181.54 -1 -1 -1 -1
94 2 326.89 88.552 80 181.54 -1 -1 -1 -1
94 6 519.94 91.076 80 181.54 -1 -1 -1 -1
94 8 176.16 85.311 68.041 154.4 -1 -1 -1 -1
94 9 383.56 106.47 56.877 129.07 -1 -1 -1 -1
95 1 542.74 103.42 80.038 181.63 -1 -1 -1 -1
95 2 326.83 88.724 80 181.54 -1 -1 -1 -1
95 6 518.29 81.993 86.667 196.67 -1 -1 -1 -1
95 8 179.28 93.763 62.22 141.19 -1 -1 -1 -1
95 9 383.56 106.47 56.877 129.07 -1 -1 -1 -1
96 1 540.51 101.58 80 181.54 -1 -1 -1 -1
96 2 333.37 99.115 74.286 168.57 -1 -1 -1 -1
96 6 519.8 88.221 80 181.54 -1 -1 -1 -1
96 8 176.44 86.094 68.041 154.4 -1 -1 -1 -1
96 9 383.56 106.47 56.877 129.07 -1 -1 -1 -1
97 1 539.61 100.76 80 181.54 -1 -1 -1 -1
97 2 326.4 97.196 74.286 168.57 -1 -1 -1 -1
97 6 518.02 87.46 80 181.54 -1 -1 -1 -1
97 8 176.42 85.323 68.041 154.4 -1 -1 -1 -1
97 9 376.61 99.292 68.041 154.4 -1 -1 -1 -1
98 1 533.45 87.765 86.667 196.67 -1 -1 -1 -1
98 2 321.22 95.532 74.286 168.57 -1 -1 -1 -1
98 6 512.04 97.48 74.286 168.57 -1 -1 -1 -1
98 8 176.35 84.817 68.041 154.4 -1 -1 -1 -1
98 9 382.58 114.3 56.877 129.07 -1 -1 -1 -1
99 1 531.48 84.098 86.667 196.67 -1 -1 -1 -1
99 2 316.14 88.6 80 181.54 -1 -1 -1 -1
99 6 507.71 109.52 68.041 154.4 -1 -1 -1 -1
99 8 179.18 93.712 62.22 141.19 -1 -1 -1 -1
99 9 379.82 108.85 62.22 141.19 -1 -1 -1 -1
100 1 535.64 94.026 80 181.54 -1 -1 -1 -1
100 2 316.55 93.923 74.286 168.57 -1 -1 -1 -1
100 6 516.55 149.77 47.893 108.68 -1 -1 -1 -1
100 8 179.09 95.487 62.22 141.19 -1 -1 -1 -1
100 9 383.59 118.02 52 118 -1 -1 -1 -1
101 1 536.4 96.165 80 181.54 -1 -1 -1 -1
101 2 315.2 93.107 74.286 168.57 -1 -1 -1 -1
101 6 516.3 158.9 47.893 108.68 -1 -1 -1 -1
101 8 176.11 87.558 68.041 154.4 -1 -1 -1 -1
101 9 382.62 115.98 52 118 -1 -1 -1 -1
102 1 542.07 103.1 74.286 168.57 -1 -1 -1 -1
102 2 314.32 97.526 68.041 154.4 -1 -1 -1 -1
102 6 513.62 164.58 47.893 108.68 -1 -1 -1 -1
102 7 568.7 92.878 74.286 168.57 -1 -1 -1 -1
102 8 178.96 95.637 62.22 141.19 -1 -1 -1 -1
102 9 381.99 114.44 52 118 -1 -1 -1 -1
103 1 533.32 116.69 62.22 141.19 -1 -1 -1 -1
103 2 307.33 90.725 74.286 168.57 -1 -1 -1 -1
103 6 505.57 164.57 47.893 108.68 -1 -1 -1 -1
103 7 558.05 86.914 80 181.54 -1 -1 -1 -1
103 8 178.92 96.703 62.22 141.19 -1 -1 -1 -1
103 9 379.85 110.25 55.019 124.85 -1 -1 -1 -1
104 1 517.74 92.966 80 181.54 -1 -1 -1 -1
104 2 304.93 91.141 74.286 168.57 -1 -1 -1 -1
104 6 493.67 156.18 52 118 -1 -1 -1 -1
104 7 560.14 87.088 80 181.54 -1 -1 -1 -1
104 8 175.98 88.214 68.041 154.4 -1 -1 -1 -1
104 9 381.45 112.96 52 118 -1 -1 -1 -1
105 1 515.56 109.95 68.041 154.4 -1 -1 -1 -1
105 2 303.69 91.578 74.286 168.57 -1 -1 -1 -1
105 6 479.92 129.71 68.041 154.4 -1 -1 -1 -1
105 7 560.29 92.88 74.286 168.57 -1 -1 -1 -1
105 8 178.87 95.891 62.22 141.19 -1 -1 -1 -1
105 9 380.71 111.52 52.604 119.37 -1 -1 -1 -1
106 1 506.03 108.33 68.041 154.4 -1 -1 -1 -1
106 2 303.25 91.972 74.286 168.57 -1 -1 -1 -1
106 6 476.67 123.22 68.041 154.4 -1 -1 -1 -1
106 7 563.91 92.484 74.286 168.57 -1 -1 -1 -1
106 8 175.96 91.81 68.041 154.4 -1 -1 -1 -1
106 9 380.21 110.63 52.725 119.64 -1 -1 -1 -1
107 1 499.95 107.09 68.041 154.4 -1 -1 -1 -1
107 2 303.34 92.291 74.286 168.57 -1 -1 -1 -1
107 6 475.23 118.57 68.041 154.4 -1 -1 -1 -1
107 7 566.58 92.306 74.286 168.57 -1 -1 -1 -1
107 8 178.87 98.514 62.22 141.19 -1 -1 -1 -1
107 9 379.7 109.71 52.87 119.97 -1 -1 -1 -1
108 1 496.62 106.22 68.041 154.4 -1 -1 -1 -1
108 2 303.82 102.19 68.041 154.4 -1 -1 -1 -1
108 6 470.72 115.58 68.041 154.4 -1 -1 -1 -1
108 7 572.37 102.08 68.041 154.4 -1 -1 -1 -1
108 8 175.96 89.244 68.041 154.4 -1 -1 -1 -1
108 9 379.17 108.76 53.044 120.37 -1 -1 -1 -1
109 1 490.55 105.67 68.041 154.4 -1 -1 -1 -1
109 2 302.08 104.26 68.041 154.4 -1 -1 -1 -1
109 6 468.05 113.89 68.041 154.4 -1 -1 -1 -1
109 7 574.05 104.03 68.041 154.4 -1 -1 -1 -1
109 8 178.87 96.344 62.22 141.19 -1 -1 -1 -1
109 9 378.93 108.45 52.648 119.47 -1 -1 -1 -1
110 1 491.75 105.37 68.041 154.4 -1 -1 -1 -1
110 2 305.37 113.13 56.877 129.07 -1 -1 -1 -1
110 6 466.78 113.18 68.041 154.4 -1 -1 -1 -1
110 7 575.81 95.616 74.286 168.57 -1 -1 -1 -1
110 8 175.97 91.877 68.041 154.4 -1 -1 -1 -1
110 9 382.71 113.97 56.877 129.07 -1 -1 -1 -1
111 1 493.6 105.26 68.041 154.4 -1 -1 -1 -1
111 2 307.69 116.09 52 118 -1 -1 -1 -1
111 6 461.73 113.11 68.041 154.4 -1 -1 -1 -1
111 7 579.06 94.512 74.286 168.57 -1 -1 -1 -1
111 8 175.97 93.468 68.041 154.4 -1 -1 -1 -1
111 9 383.43 115.25 56.877 129.07 -1 -1 -1 -1
112 1 498.51 113.58 62.22 141.19 -1 -1 -1 -1
112 2 301.94 105.21 62.22 141.19 -1 -1 -1 -1
112 6 458.5 113.41 68.041 154.4 -1 -1 -1 -1
112 7 581.01 93.662 74.286 168.57 -1 -1 -1 -1
112 8 175.97 94.544 68.041 154.4 -1 -1 -1 -1
112 9 383.82 115.92 56.877 129.07 -1 -1 -1 -1
113 1 497.42 106.6 68.041 154.4 -1 -1 -1 -1
113 2 301.7 105.9 62.22 141.19 -1 -1 -1 -1
113 6 457.57 128.27 56.877 129.07 -1 -1 -1 -1
113 7 581.97 93.059 74.286 168.57 -1 -1 -1 -1
113 8 175.98 95.19 68.041 154.4 -1 -1 -1 -1
113 9 384.01 116.26 56.877 129.07 -1 -1 -1 -1
113 10 370.23 175.94 33.548 76.129 -1 -1 -1 -1
114 1 501.83 114.61 62.22 141.19 -1 -1 -1 -1
114 2 301.72 106.49 62.22 141.19 -1 -1 -1 -1
114 6 448.2 115.67 68.041 154.4 -1 -1 -1 -1
114 7 578.54 87.048 80 181.54 -1 -1 -1 -1
114 8 175.87 85.413 74.286 168.57 -1 -1 -1 -1
114 9 384.06 116.36 56.877 129.07 -1 -1 -1 -1
114 10 372.08 177.5 30.847 69.999 -1 -1 -1 -1
115 1 502.94 115.64 62.22 141.19 -1 -1 -1 -1
115 2 298 106.93 62.22 141.19 -1 -1 -1 -1
115 6 446.9 124.05 62.22 141.19 -1 -1 -1 -1
115 7 589.23 102.91 62.22 141.19 -1 -1 -1 -1
115 8 178.09 83.281 74.286 168.57 -1 -1 -1 -1
115 9 380.91 109.35 62.22 141.19 -1 -1 -1 -1
115 10 371.16 174.57 33.008 74.903 -1 -1 -1 -1
116 1 503.7 112.45 62.22 141.19 -1 -1 -1 -1
116 2 295.36 107.25 62.22 141.19 -1 -1 -1 -1
116 6 445.02 131.42 56.877 129.07 -1 -1 -1 -1
116 7 590.34 99.753 62.22 141.19 -1 -1 -1 -1
116 8 179.58 81.739 74.286 168.57 -1 -1 -1 -1
116 9 383.62 115.49 56.877 129.07 -1 -1 -1 -1
116 10 372.51 179.26 30.847 69.999 -1 -1 -1 -1
117 1 499.85 113.86 62.22 141.19 -1 -1 -1 -1
117 2 293.67 107.45 62.22 141.19 -1 -1 -1 -1
117 6 437.54 121.94 62.22 141.19 -1 -1 -1 -1
117 7 583.16 87.835 74.286 168.57 -1 -1 -1 -1
117 8 180.58 86.524 68.041 154.4 -1 -1 -1 -1
117 9 383.63 115.54 56.877 129.07 -1 -1 -1 -1
117 10 372.63 180.25 30.847 69.999 -1 -1 -1 -1
118 1 496.9 114.99 62.22 141.19 -1 -1 -1 -1
118 2 292.73 107.56 62.22 141.19 -1 -1 -1 -1
118 6 443.18 145.43 47.893 108.68 -1 -1 -1 -1
118 7 592.94 106.64 56.877 129.07 -1 -1 -1 -1
118 8 178.67 79.199 74.286 168.57 -1 -1 -1 -1
118 9 383.63 115.55 56.877 129.07 -1 -1 -1 -1
118 10 372.32 179.59 31.819 72.206 -1 -1 -1 -1
119 1 494.83 111.94 62.22 141.19 -1 -1 -1 -1
119 2 292.35 103.3 62.22 141.19 -1 -1 -1 -1
119 6 434.35 124.71 62.22 141.19 -1 -1 -1 -1
119 7 588.57 94.157 67.121 152.31 -1 -1 -1 -1
119 8 179.52 79.255 74.286 168.57 -1 -1 -1 -1
119 9 383.13 114.4 57.946 131.49 -1 -1 -1 -1
119 10 376.33 181.01 28.326 64.279 -1 -1 -1 -1
120 1 493.54 109.63 62.22 141.19 -1 -1 -1 -1
120 2 289.41 95.238 68.041 154.4 -1 -1 -1 -1
120 6 437.11 140.02 52 118 -1 -1 -1 -1
120 7 590.61 96.221 64.545 146.47 -1 -1 -1 -1
120 8 180.15 85.268 68.041 154.4 -1 -1 -1 -1
120 9 383.62 115.56 56.877 129.07 -1 -1 -1 -1
120 10 375.71 177.69 30.969 70.277 -1 -1 -1 -1
121 1 492.84 108.03 62.22 141.19 -1 -1 -1 -1
121 2 292.51 99.236 62.22 141.19 -1 -1 -1 -1
121 6 435.88 142.77 52 118 -1 -1 -1 -1
121 7 591.12 94.835 65.01 147.52 -1 -1 -1 -1
121 8 178.09 78.803 74.286 168.57 -1 -1 -1 -1
121 9 383.6 119.42 56.877 129.07 -1 -1 -1 -1
121 10 376.62 177.83 30.562 69.352 -1 -1 -1 -1
122 1 492.58 107.03 62.22 141.19 -1 -1 -1 -1
122 2 292.79 97.517 62.22 141.19 -1 -1 -1 -1
122 6 427.76 125.71 62.22 141.19 -1 -1 -1 -1
122 7 591.59 93.344 65.568 148.79 -1 -1 -1 -1
122 8 183.33 89.495 68.041 154.4 -1 -1 -1 -1
122 9 383.5 120.22 57.091 129.55 -1 -1 -1 -1
122 10 380.85 179.2 28.326 64.279 -1 -1 -1 -1
123 1 488.73 106.52 62.22 141.19 -1 -1 -1 -1
123 2 295.33 103.87 56.877 129.07 -1 -1 -1 -1
123 6 430.19 140.32 52 118 -1 -1 -1 -1
123 7 593.21 94.464 63.824 144.83 -1 -1 -1 -1
123 8 180.47 82.13 74.286 168.57 -1 -1 -1 -1
123 9 385.53 116 62.22 141.19 -1 -1 -1 -1
123 10 381.25 176.8 30.001 68.079 -1 -1 -1 -1
124 1 489.14 113.25 56.877 129.07 -1 -1 -1 -1
124 2 295.29 104.37 56.877 129.07 -1 -1 -1 -1
124 6 425.77 134.09 56.877 129.07 -1 -1 -1 -1
124 7 593.27 92.029 65.213 147.98 -1 -1 -1 -1
124 8 184.95 87.586 68.041 154.4 -1 -1 -1 -1
124 9 389.73 108.26 68.041 154.4 -1 -1 -1 -1
124 10 379.85 165.33 28.326 64.279 -1 -1 -1 -1
125 1 487.78 113.92 56.877 129.07 -1 -1 -1 -1
125 2 284.87 82.593 74.286 168.57 -1 -1 -1 -1
125 6 419.48 123.12 62.22 141.19 -1 -1 -1 -1
125 7 594.21 91.604 64.832 147.12 -1 -1 -1 -1
125 8 185.85 86.303 68.041 154.4 -1 -1 -1 -1
125 9 389.56 107.47 68.041 154.4 -1 -1 -1 -1
125 10 379.64 160.42 29.637 67.253 -1 -1 -1 -1
126 1 487.4 123.47 52 118 -1 -1 -1 -1
126 2 284.61 91.292 68.041 154.4 -1 -1 -1 -1
126 6 417.22 119.47 62.22 141.19 -1 -1 -1 -1
126 7 594.93 90.68 64.889 147.25 -1 -1 -1 -1
126 8 189.29 94.565 62.22 141.19 -1 -1 -1 -1
126 9 392 115.2 62.22 141.19 -1 -1 -1 -1
126 10 378.31 154.01 30.847 69.999 -1 -1 -1 -1
127 1 485.61 126.47 52 118 -1 -1 -1 -1
127 2 282.22 92.659 68.041 154.4 -1 -1 -1 -1
127 6 411.72 117 62.22 141.19 -1 -1 -1 -1
127 7 595.69 89.849 64.865 147.19 -1 -1 -1 -1
127 8 189.55 95.871 62.22 141.19 -1 -1 -1 -1
127 9 392.6 114.19 63.523 144.15 -1 -1 -1 -1
127 10 378.03 153.58 30.847 69.999 -1 -1 -1 -1
128 1 484.64 128.5 52 118 -1 -1 -1 -1
128 2 280.7 93.711 68.041 154.4 -1 -1 -1 -1
128 6 408.09 115.52 62.22 141.19 -1 -1 -1 -1
128 8 189.61 96.811 62.22 141.19 -1 -1 -1 -1
128 9 393.19 113.2 64.809 147.07 -1 -1 -1 -1
128 10 377.86 153.51 30.847 69.999 -1 -1 -1 -1
129 1 476.57 117.69 62.22 141.19 -1 -1 -1 -1
129 2 279.87 94.449 68.041 154.4 -1 -1 -1 -1
129 6 408.25 110.76 68.041 154.4 -1 -1 -1 -1
129 8 186.64 88.237 68.041 154.4 -1 -1 -1 -1
129 9 394.97 107.14 68.041 154.4 -1 -1 -1 -1
129 10 380.3 157.57 28.326 64.279 -1 -1 -1 -1
130 1 474.67 117.98 62.22 141.19 -1 -1 -1 -1
130 2 279.54 94.914 68.041 154.4 -1 -1 -1 -1
130 6 413.16 120.78 62.22 141.19 -1 -1 -1 -1
130 8 186.52 86.677 68.041 154.4 -1 -1 -1 -1
130 9 399.25 115.02 62.22 141.19 -1 -1 -1 -1
130 10 379.75 154.38 30.101 68.306 -1 -1 -1 -1
131 1 477.86 129.97 52 118 -1 -1 -1 -1
131 2 279.53 95.165 68.041 154.4 -1 -1 -1 -1
131 6 406.73 119.14 62.22 141.19 -1 -1 -1 -1
131 8 181.97 79.754 74.286 168.57 -1 -1 -1 -1
131 9 399.93 112.97 64.162 145.6 -1 -1 -1 -1
131 10 380.04 153.1 30.194 68.516 -1 -1 -1 -1
132 1 472.2 124.53 56.877 129.07 -1 -1 -1 -1
132 2 279.71 95.261 68.041 154.4 -1 -1 -1 -1
132 6 399.16 109.53 68.041 154.4 -1 -1 -1 -1
132 8 188.22 94.949 62.22 141.19 -1 -1 -1 -1
132 9 401.4 112.69 64.551 146.48 -1 -1 -1 -1
132 10 380.45 152.07 30.063 68.22 -1 -1 -1 -1
133 1 470.15 124.45 56.877 129.07 -1 -1 -1 -1
133 2 279.98 95.258 68.041 154.4 -1 -1 -1 -1
133 6 396.1 107.35 68.041 154.4 -1 -1 -1 -1
133 8 188.42 96.119 62.22 141.19 -1 -1 -1 -1
133 9 402.95 112.61 64.757 146.95 -1 -1 -1 -1
133 10 380.87 151.08 29.906 67.864 -1 -1 -1 -1
134 1 465.51 117.79 62.22 141.19 -1 -1 -1 -1
134 2 280.26 95.197 68.041 154.4 -1 -1 -1 -1
134 6 392.95 114.23 62.22 141.19 -1 -1 -1 -1
134 8 188.6 96.95 62.22 141.19 -1 -1 -1 -1
134 9 404.61 112.77 64.746 146.92 -1 -1 -1 -1
134 10 381.3 150.12 29.718 67.437 -1 -1 -1 -1
135 1 467.96 123.76 56.877 129.07 -1 -1 -1 -1
135 2 280.51 95.112 68.041 154.4 -1 -1 -1 -1
135 6 388.98 114.66 62.22 141.19 -1 -1 -1 -1
135 8 185.82 88.296 68.041 154.4 -1 -1 -1 -1
135 9 406.6 113.67 64.087 145.43 -1 -1 -1 -1
135 10 381.5 148.63 29.996 68.069 -1 -1 -1 -1
136 1 464.64 117.19 62.22 141.19 -1 -1 -1 -1
136 2 275.98 95.024 68.041 154.4 -1 -1 -1 -1
136 6 386.7 111.26 62.22 141.19 -1 -1 -1 -1
136 8 185.92 86.683 68.041 154.4 -1 -1 -1 -1
136 9 408.07 113.4 64.461 146.28 -1 -1 -1 -1
136 10 381.85 147.47 29.975 68.021 -1 -1 -1 -1
137 1 464.43 116.79 62.22 141.19 -1 -1 -1 -1
137 2 272.63 94.945 68.041 154.4 -1 -1 -1 -1
137 6 382.77 104.38 68.041 154.4 -1 -1 -1 -1
137 8 185.99 85.524 68.041 154.4 -1 -1 -1 -1
137 9 409.7 113.49 64.52 146.41 -1 -1 -1 -1
137 10 382.21 146.35 29.932 67.922 -1 -1 -1 -1
138 1 459.86 108.19 68.041 154.4 -1 -1 -1 -1
138 2 270.39 94.882 68.041 154.4 -1 -1 -1 -1
138 6 382.6 104.4 68.041 154.4 -1 -1 -1 -1
138 8 181.61 78.977 74.286 168.57 -1 -1 -1 -1
139 1 468.12 130.54 52 118 -1 -1 -1 -1
139 2 269.06 94.835 68.041 154.4 -1 -1 -1 -1
139 6 382.93 104.59 68.041 154.4 -1 -1 -1 -1
139 8 180.78 85.299 68.041 154.4 -1 -1 -1 -1
140 1 459.51 114.39 62.22 141.19 -1 -1 -1 -1
140 2 264.12 94.804 68.041 154.4 -1 -1 -1 -1
140 6 383.51 104.85 68.041 154.4 -1 -1 -1 -1
140 8 177.81 79.006 74.286 168.57 -1 -1 -1 -1
141 1 457.06 110.91 62.22 141.19 -1 -1 -1 -1
141 2 260.77 94.786 68.041 154.4 -1 -1 -1 -1
141 6 384.15 105.12 68.041 154.4 -1 -1 -1 -1
141 8 178.27 85.47 68.041 154.4 -1 -1 -1 -1
142 1 455.51 108.47 62.22 141.19 -1 -1 -1 -1
142 2 258.77 94.777 68.041 154.4 -1 -1 -1 -1
142 6 384.75 105.36 68.041 154.4 -1 -1 -1 -1
142 8 176.46 85.031 68.041 154.4 -1 -1 -1 -1
143 1 454.68 106.95 62.22 141.19 -1 -1 -1 -1
143 2 257.78 94.775 68.041 154.4 -1 -1 -1 -1
143 6 385.25 105.56 68.041 154.4 -1 -1 -1 -1
143 8 179.66 84.751 68.041 154.4 -1 -1 -1 -1
143 9 364.21 121.2 68.041 154.4 -1 -1 -1 -1
144 1 454.36 110.01 62.22 141.19 -1 -1 -1 -1
144 2 252.76 94.777 68.041 154.4 -1 -1 -1 -1
144 6 389.93 105.7 68.041 154.4 -1 -1 -1 -1
144 8 180.91 93.783 62.22 141.19 -1 -1 -1 -1
144 9 366.73 122.79 62.22 141.19 -1 -1 -1 -1
144 11 307 197.5 26 59 -1 -1 -1 -1
145 1 449.74 104.25 68.041 154.4 -1 -1 -1 -1
145 2 249.42 94.781 68.041 154.4 -1 -1 -1 -1
145 6 396.27 114.12 62.22 141.19 -1 -1 -1 -1
145 8 179.7 95.627 62.22 141.19 -1 -1 -1 -1
145 9 363.03 110.95 68.041 154.4 -1 -1 -1 -1
145 11 305.23 197.44 26 59 -1 -1 -1 -1
146 1 453.3 113.25 62.22 141.19 -1 -1 -1 -1
146 2 247.46 94.786 68.041 154.4 -1 -1 -1 -1
146 6 398.57 115.44 62.22 141.19 -1 -1 -1 -1
146 8 178.91 96.905 62.22 141.19 -1 -1 -1 -1
146 9 362.61 115.77 62.22 141.19 -1 -1 -1 -1
146 11 300.93 192.16 28.326 64.279 -1 -1 -1 -1
147 1 449.37 106.69 68.041 154.4 -1 -1 -1 -1
147 2 246.54 94.79 68.041 154.4 -1 -1 -1 -1
147 6 399.91 116.32 62.22 141.19 -1 -1 -1 -1
147 8 175.54 92.812 68.041 154.4 -1 -1 -1 -1
147 9 360.55 114.89 62.22 141.19 -1 -1 -1 -1
147 11 299.33 192.72 27.9 63.311 -1 -1 -1 -1
148 1 448.74 106.6 68.041 154.4 -1 -1 -1 -1
148 2 246.32 94.794 68.041 154.4 -1 -1 -1 -1
148 6 400.55 116.83 62.22 141.19 -1 -1 -1 -1
148 8 175.34 94.497 68.041 154.4 -1 -1 -1 -1
148 9 359.46 114.61 62.22 141.19 -1 -1 -1 -1
148 11 297.8 193.46 27.31 61.974 -1 -1 -1 -1
148 12 19.857 126.72 74.286 168.57 -1 -1 -1 -1
149 1 449.17 110.91 62.22 141.19 -1 -1 -1 -1
149 2 246.54 94.797 68.041 154.4 -1 -1 -1 -1
149 6 400.7 117.07 62.22 141.19 -1 -1 -1 -1
149 8 178.22 100.38 62.22 141.19 -1 -1 -1 -1
149 9 359.03 114.68 62.22 141.19 -1 -1 -1 -1
149 11 296.09 193.76 27.107 61.513 -1 -1 -1 -1
149 12 27.625 106.97 80 181.54 -1 -1 -1 -1
150 1 453.44 114.72 52 118 -1 -1 -1 -1
150 2 246.97 94.799 68.041 154.4 -1 -1 -1 -1
150 6 400.56 117.12 62.22 141.19 -1 -1 -1 -1
150 8 178.28 99.591 62.22 141.19 -1 -1 -1 -1
150 9 354.64 114.93 62.22 141.19 -1 -1 -1 -1
150 11 294.16 193.58 27.329 62.015 -1 -1 -1 -1
150 12 33.151 102.91 80 181.54 -1 -1 -1 -1
151 1 453.03 109.05 52 118 -1 -1 -1 -1
151 2 247.47 94.8 68.041 154.4 -1 -1 -1 -1
151 6 397.35 108.73 68.041 154.4 -1 -1 -1 -1
151 8 175.49 89.677 68.041 154.4 -1 -1 -1 -1
151 9 351.7 115.25 62.22 141.19 -1 -1 -1 -1
151 11 292.21 193.36 27.594 62.619 -1 -1 -1 -1
151 12 41.843 110.97 74.286 168.57 -1 -1 -1 -1
152 1 447.47 102.78 56.877 129.07 -1 -1 -1 -1
152 2 247.95 94.801 68.041 154.4 -1 -1 -1 -1
152 6 399.92 115.67 62.22 141.19 -1 -1 -1 -1
152 8 175.62 87.17 68.041 154.4 -1 -1 -1 -1
152 9 349.92 115.58 62.22 141.19 -1 -1 -1 -1
152 11 290.47 193.6 27.448 62.286 -1 -1 -1 -1
152 12 45.212 112.39 74.286 168.57 -1 -1 -1 -1
153 1 444.8 99.778 62.22 141.19 -1 -1 -1 -1
153 2 248.36 94.801 68.041 154.4 -1 -1 -1 -1
153 6 399.59 112.08 62.22 141.19 -1 -1 -1 -1
153 8 175.74 85.439 68.041 154.4 -1 -1 -1 -1
153 9 349.03 115.87 62.22 141.19 -1 -1 -1 -1
153 11 288.7 193.77 27.358 62.081 -1 -1 -1 -1
153 12 46.838 113.59 74.286 168.57 -1 -1 -1 -1
154 1 439.58 98.038 68.041 154.4 -1 -1 -1 -1
154 2 248.67 94.801 68.041 154.4 -1 -1 -1 -1
154 6 399.32 109.44 62.22 141.19 -1 -1 -1 -1
154 8 175.83 88.672 68.041 154.4 -1 -1 -1 -1
154 9 348.76 116.1 62.22 141.19 -1 -1 -1 -1
154 11 286.88 193.83 27.367 62.103 -1 -1 -1 -1
154 12 49.489 111.03 76.572 173.76 -1 -1 -1 -1
155 1 438.05 101.8 68.041 154.4 -1 -1 -1 -1
155 2 248.88 94.801 68.041 154.4 -1 -1 -1 -1
155 6 390.65 87.931 80 181.54 -1 -1 -1 -1
155 8 175.91 86.994 68.041 154.4 -1 -1 -1 -1
155 9 351.41 117.98 52 118 -1 -1 -1 -1
155 12 54.104 114.82 74.286 168.57 -1 -1 -1 -1
156 1 438.37 112.78 62.22 141.19 -1 -1 -1 -1
156 2 249.02 94.801 68.041 154.4 -1 -1 -1 -1
156 6 394.98 110.82 62.22 141.19 -1 -1 -1 -1
156 8 175.96 85.759 68.041 154.4 -1 -1 -1 -1
156 9 346.38 124.55 52 118 -1 -1 -1 -1
156 12 60.471 119.12 68.041 154.4 -1 -1 -1 -1
157 1 435.51 107.41 68.041 154.4 -1 -1 -1 -1
157 2 244.79 94.801 68.041 154.4 -1 -1 -1 -1
157 6 391.87 106.54 65.776 149.26 -1 -1 -1 -1
157 8 178.9 94.118 62.22 141.19 -1 -1 -1 -1
157 9 342.96 129.88 52 118 -1 -1 -1 -1
157 12 62.226 122.3 68.041 154.4 -1 -1 -1 -1
158 1 437.04 116.23 62.22 141.19 -1 -1 -1 -1
158 2 241.64 94.8 68.041 154.4 -1 -1 -1 -1
158 6 390.38 113.76 62.22 141.19 -1 -1 -1 -1
158 8 176.01 86.351 68.041 154.4 -1 -1 -1 -1
158 9 340.89 133.82 52 118 -1 -1 -1 -1
158 12 63.778 115.73 74.286 168.57 -1 -1 -1 -1
159 1 436.24 117.52 62.22 141.19 -1 -1 -1 -1
159 2 243.81 94.8 68.041 154.4 -1 -1 -1 -1
159 6 385.15 91.337 80 181.54 -1 -1 -1 -1
159 8 178.93 94.676 62.22 141.19 -1 -1 -1 -1
159 9 332.59 117.14 62.22 141.19 -1 -1 -1 -1
159 12 71.423 116.02 74.286 168.57 -1 -1 -1 -1
160 1 435.86 118.11 62.22 141.19 -1 -1 -1 -1
160 2 245.7 94.8 68.041 154.4 -1 -1 -1 -1
160 6 396.01 113.65 62.22 141.19 -1 -1 -1 -1
160 8 176.01 86.819 68.041 154.4 -1 -1 -1 -1
160 9 335.5 123.36 56.877 129.07 -1 -1 -1 -1
160 12 76.465 116.15 74.286 168.57 -1 -1 -1 -1
161 1 435.78 118.23 62.22 141.19 -1 -1 -1 -1
161 2 247.2 94.8 68.041 154.4 -1 -1 -1 -1
161 6 393.07 115.14 62.22 141.19 -1 -1 -1 -1
161 8 176.01 85.848 68.041 154.4 -1 -1 -1 -1
161 9 331.34 116.98 62.22 141.19 -1 -1 -1 -1
161 12 82.549 119.34 71.788 162.9 -1 -1 -1 -1
162 1 435.87 118.07 62.22 141.19 -1 -1 -1 -1
162 2 248.61 99.685 62.22 141.19 -1 -1 -1 -1
162 6 390.9 116.13 62.22 141.19 -1 -1 -1 -1
162 8 178.91 94.347 62.22 141.19 -1 -1 -1 -1
162 9 330.56 116.72 62.22 141.19 -1 -1 -1 -1
162 12 80.877 116.21 74.286 168.57 -1 -1 -1 -1
163 1 437.01 128.12 56.877 129.07 -1 -1 -1 -1
163 2 247.08 89.229 68.041 154.4 -1 -1 -1 -1
163 6 389.41 116.74 62.22 141.19 -1 -1 -1 -1
163 8 175.88 80.835 74.286 168.57 -1 -1 -1 -1
163 9 330.28 116.53 62.22 141.19 -1 -1 -1 -1
163 12 84.549 116.96 73.786 167.44 -1 -1 -1 -1
164 1 430.7 120.59 62.22 141.19 -1 -1 -1 -1
164 2 248.43 95.655 62.22 141.19 -1 -1 -1 -1
164 6 388.5 117.04 62.22 141.19 -1 -1 -1 -1
164 8 181.12 95.902 62.22 141.19 -1 -1 -1 -1
164 9 330.33 116.41 62.22 141.19 -1 -1 -1 -1
164 12 88.022 117.26 73.686 167.21 -1 -1 -1 -1
165 1 426.95 110.9 68.041 154.4 -1 -1 -1 -1
165 2 246.9 86.591 68.041 154.4 -1 -1 -1 -1
165 6 384.15 117.13 62.22 141.19 -1 -1 -1 -1
165 8 177.48 87.692 68.041 154.4 -1 -1 -1 -1
165 9 331.51 122.83 56.877 129.07 -1 -1 -1 -1
165 12 91.504 117.58 73.567 166.94 -1 -1 -1 -1
166 1 426.6 108.48 68.041 154.4 -1 -1 -1 -1
166 2 252.24 97.626 56.877 129.07 -1 -1 -1 -1
166 6 381.13 117.09 62.22 141.19 -1 -1 -1 -1
166 8 176.87 86.41 68.041 154.4 -1 -1 -1 -1
166 9 330.53 119.67 56.877 129.07 -1 -1 -1 -1
166 12 94.998 117.93 73.423 166.61 -1 -1 -1 -1
167 1 421.85 106.77 68.041 154.4 -1 -1 -1 -1
167 2 252.35 93.197 62.22 141.19 -1 -1 -1 -1
167 6 379.25 116.98 62.22 141.19 -1 -1 -1 -1
167 8 179.32 94.659 62.22 141.19 -1 -1 -1 -1
167 9 329.03 110.42 62.22 141.19 -1 -1 -1 -1
167 12 99.562 115.94 74.286 168.57 -1 -1 -1 -1
168 1 418.52 105.67 68.041 154.4 -1 -1 -1 -1
168 2 249.76 85.477 68.041 154.4 -1 -1 -1 -1
168 6 378.26 116.84 62.22 141.19 -1 -1 -1 -1
168 8 176.09 86.761 68.041 154.4 -1 -1 -1 -1
168 9 331.01 115.14 56.877 129.07 -1 -1 -1 -1
168 12 107.43 109.22 74.286 168.57 -1 -1 -1 -1
169 1 416.43 105.06 68.041 154.4 -1 -1 -1 -1
169 2 249.84 84.756 68.041 154.4 -1 -1 -1 -1
169 6 374.14 108.38 68.041 154.4 -1 -1 -1 -1
169 8 178.81 94.959 62.22 141.19 -1 -1 -1 -1
169 9 325.31 107.49 62.22 141.19 -1 -1 -1 -1
169 12 106.41 111.45 74.286 168.57 -1 -1 -1 -1
170 1 415.3 104.8 68.041 154.4 -1 -1 -1 -1
170 2 249.78 88.65 68.041 154.4 -1 -1 -1 -1
170 6 373.55 107 68.041 154.4 -1 -1 -1 -1
170 8 175.79 86.993 68.041 154.4 -1 -1 -1 -1
170 9 323.15 106.58 62.22 141.19 -1 -1 -1 -1
170 12 115.36 107.8 74.286 168.57 -1 -1 -1 -1
171 1 414.88 104.79 68.041 154.4 -1 -1 -1 -1
171 2 249.97 96.538 62.22 141.19 -1 -1 -1 -1
171 6 360.07 132.72 68.041 154.4 -1 -1 -1 -1
171 8 175.65 80.144 74.286 168.57 -1 -1 -1 -1
171 9 321.76 106.16 62.22 141.19 -1 -1 -1 -1
171 12 121.34 105.23 74.286 168.57 -1 -1 -1 -1
172 1 414.9 104.9 68.041 154.4 -1 -1 -1 -1
172 2 247.9 97.38 62.22 141.19 -1 -1 -1 -1
172 6 356.29 142.45 65.713 149.12 -1 -1 -1 -1
172 8 177.99 86.145 68.041 154.4 -1 -1 -1 -1
172 9 320.98 106.08 62.22 141.19 -1 -1 -1 -1
172 10 398.66 181.54 33.548 76.129 -1 -1 -1 -1
172 12 132.31 134.69 56.877 129.07 -1 -1 -1 -1
173 1 425.35 128.88 52 118 -1 -1 -1 -1
173 2 246.47 97.862 62.22 141.19 -1 -1 -1 -1
173 6 351 148.75 66.411 150.7 -1 -1 -1 -1
173 8 177.29 85.357 68.041 154.4 -1 -1 -1 -1
173 9 320.65 106.21 62.22 141.19 -1 -1 -1 -1
173 10 397.35 182.23 33.548 76.129 -1 -1 -1 -1
173 12 127.5 120.28 68.041 154.4 -1 -1 -1 -1
174 1 427.33 136.64 52 118 -1 -1 -1 -1
174 2 245.58 98.079 62.22 141.19 -1 -1 -1 -1
174 6 365.46 121.23 68.041 154.4 -1 -1 -1 -1
174 8 176.73 84.836 68.041 154.4 -1 -1 -1 -1
174 9 320.62 106.43 62.22 141.19 -1 -1 -1 -1
174 10 396.8 183.85 33.459 75.927 -1 -1 -1 -1
174 12 132.14 118.71 68.041 154.4 -1 -1 -1 -1
175 1 418.62 119.2 68.041 154.4 -1 -1 -1 -1
175 2 245.11 98.117 62.22 141.19 -1 -1 -1 -1
175 6 369.07 121.6 62.22 141.19 -1 -1 -1 -1
175 8 176.31 84.535 68.041 154.4 -1 -1 -1 -1
175 9 320.77 106.68 62.22 141.19 -1 -1 -1 -1
175 10 396.2 185.33 33.485 75.985 -1 -1 -1 -1
175 12 143.03 143.91 52 118 -1 -1 -1 -1
176 1 428.2 142.13 52 118 -1 -1 -1 -1
176 2 244.94 98.048 62.22 141.19 -1 -1 -1 -1
176 6 369.47 118.14 62.22 141.19 -1 -1 -1 -1
176 8 176.03 84.397 68.041 154.4 -1 -1 -1 -1
176 9 320.99 106.92 62.22 141.19 -1 -1 -1 -1
176 10 395.59 186.81 33.518 76.06 -1 -1 -1 -1
176 12 141.22 144.35 56.877 129.07 -1 -1 -1 -1
177 1 431.36 136.52 47.893 108.68 -1 -1 -1 -1
177 2 244.64 93.042 68.041 154.4 -1 -1 -1 -1
177 6 369.73 116.04 62.22 141.19 -1 -1 -1 -1
177 8 178.77 93.555 62.22 141.19 -1 -1 -1 -1
177 9 321.24 107.11 62.22 141.19 -1 -1 -1 -1
177 10 394.99 188.33 33.511 76.046 -1 -1 -1 -1
177 12 141.03 139.32 62.22 141.19 -1 -1 -1 -1
178 1 410.44 94.544 80 181.54 -1 -1 -1 -1
178 2 242.37 94.177 68.041 154.4 -1 -1 -1 -1
178 6 374.58 133.79 52 118 -1 -1 -1 -1
178 8 175.78 86.315 68.041 154.4 -1 -1 -1 -1
178 9 315.54 98.077 68.041 154.4 -1 -1 -1 -1
178 10 364.98 191.64 33.548 76.129 -1 -1 -1 -1
178 12 142.43 139.53 62.22 141.19 -1 -1 -1 -1
179 1 406.72 90.578 80 181.54 -1 -1 -1 -1
179 2 245.28 99.788 62.22 141.19 -1 -1 -1 -1
179 6 384.07 172.22 30.847 69.999 -1 -1 -1 -1
179 8 167.74 66.345 86.667 196.67 -1 -1 -1 -1
179 9 315.54 105.46 62.22 141.19 -1 -1 -1 -1
179 10 359.65 192.63 33.548 76.129 -1 -1 -1 -1
179 12 141.73 117.4 74.286 168.57 -1 -1 -1 -1
