1 1 428 98 104 236 -1 -1 -1 -1
1 2 332 82 104 236 -1 -1 -1 -1
1 3 172 82 104 236 -1 -1 -1 -1
1 4 84 104 94.545 214.55 -1 -1 -1 -1
1 5 557 82 86.667 196.67 -1 -1 -1 -1
1 6 506 115 56.877 129.07 -1 -1 -1 -1
2 1 428 98 104 236 -1 -1 -1 -1
2 2 332 82 104 236 -1 -1 -1 -1
2 3 172 82 104 236 -1 -1 -1 -1
2 4 69 104 94.545 214.55 -1 -1 -1 -1
2 5 563 88 80 181.54 -1 -1 -1 -1
2 6 506 115 56.877 129.07 -1 -1 -1 -1
3 1 428 98 104 236 -1 -1 -1 -1
3 2 345 89 94.545 214.55 -1 -1 -1 -1
3 3 172 82 104 236 -1 -1 -1 -1
3 4 69 104 94.545 214.55 -1 -1 -1 -1
3 5 557 82 86.667 196.67 -1 -1 -1 -1
3 6 510 121 52 118 -1 -1 -1 -1
3 7 375 104 94.545 214.55 -1 -1 -1 -1
3 8 323 157 26 59 -1 -1 -1 -1
4 1 428 98 104 236 -1 -1 -1 -1
4 2 348 82 104 236 -1 -1 -1 -1
4 3 185 89 94.545 214.55 -1 -1 -1 -1
4 5 557 82 86.667 196.67 -1 -1 -1 -1
4 6 498 115 56.877 129.07 -1 -1 -1 -1
4 9 77 122 86.667 196.67 -1 -1 -1 -1
4 10 156 75 94.545 214.55 -1 -1 -1 -1
5 1 418 104 94.545 214.55 -1 -1 -1 -1
5 2 348 82 104 236 -1 -1 -1 -1
5 3 185 89 94.545 214.55 -1 -1 -1 -1
5 5 557 82 86.667 196.67 -1 -1 -1 -1
5 6 506 106 56.877 129.07 -1 -1 -1 -1
5 9 63 122 86.667 196.67 -1 -1 -1 -1
5 10 157 75 80 181.54 -1 -1 -1 -1
5 11 447 89 94.545 214.55 -1 -1 -1 -1
6 1 418 89 94.545 214.55 -1 -1 -1 -1
6 2 342 88 112.01 254.17 -1 -1 -1 -1
6 3 188 82 104 236 -1 -1 -1 -1
6 5 557 82 86.667 196.67 -1 -1 -1 -1
6 9 63 122 86.667 196.67 -1 -1 -1 -1
6 10 157 75 80 181.54 -1 -1 -1 -1
6 11 447 104 94.545 214.55 -1 -1 -1 -1
7 2 348 82 104 236 -1 -1 -1 -1
7 3 188 82 104 236 -1 -1 -1 -1
7 5 557 82 86.667 196.67 -1 -1 -1 -1
7 7 380 98 104 236 -1 -1 -1 -1
7 10 157 75 80 181.54 -1 -1 -1 -1
7 11 447 104 94.545 214.55 -1 -1 -1 -1
7 12 40 104 94.545 214.55 -1 -1 -1 -1
7 13 92 158 68.041 154.4 -1 -1 -1 -1
8 1 412 98 104 236 -1 -1 -1 -1
8 5 543 82 86.667 196.67 -1 -1 -1 -1
8 12 40 104 94.545 214.55 -1 -1 -1 -1
8 14 360 104 94.545 214.55 -1 -1 -1 -1
8 15 200 104 94.545 214.55 -1 -1 -1 -1
8 16 444 82 104 236 -1 -1 -1 -1
8 17 170 97 62.22 141.19 -1 -1 -1 -1
8 18 570 68 86.667 196.67 -1 -1 -1 -1
9 5 543 82 86.667 196.67 -1 -1 -1 -1
9 10 157 75 80 181.54 -1 -1 -1 -1
9 12 37 108 86.667 196.67 -1 -1 -1 -1
9 15 200 104 94.545 214.55 -1 -1 -1 -1
9 16 444 82 104 236 -1 -1 -1 -1
9 19 364 82 104 236 -1 -1 -1 -1
9 20 229 118 94.545 214.55 -1 -1 -1 -1
10 5 543 82 86.667 196.67 -1 -1 -1 -1
10 10 169 81 74.286 168.57 -1 -1 -1 -1
10 12 25 104 94.545 214.55 -1 -1 -1 -1
10 16 444 82 104 236 -1 -1 -1 -1
10 19 364 82 104 236 -1 -1 -1 -1
10 20 223 122 86.667 196.67 -1 -1 -1 -1
10 21 197 135 86.667 196.67 -1 -1 -1 -1
11 5 543 82 86.667 196.67 -1 -1 -1 -1
11 12 25 89 94.545 214.55 -1 -1 -1 -1
11 16 445 71 112.01 254.17 -1 -1 -1 -1
11 17 170 97 62.22 141.19 -1 -1 -1 -1
11 19 364 82 104 236 -1 -1 -1 -1
11 20 223 122 86.667 196.67 -1 -1 -1 -1
11 22 396 98 104 236 -1 -1 -1 -1
12 5 543 82 86.667 196.67 -1 -1 -1 -1
12 10 157 75 80 181.54 -1 -1 -1 -1
12 19 375 89 94.545 214.55 -1 -1 -1 -1
12 20 231 125 80 181.54 -1 -1 -1 -1
12 22 404 104 94.545 214.55 -1 -1 -1 -1
12 23 460 82 104 236 -1 -1 -1 -1
12 24 12 98 104 236 -1 -1 -1 -1
12 25 255 137 80 181.54 -1 -1 -1 -1
13 5 543 82 86.667 196.67 -1 -1 -1 -1
13 10 157 75 80 181.54 -1 -1 -1 -1
13 19 375 89 94.545 214.55 -1 -1 -1 -1
13 22 404 104 94.545 214.55 -1 -1 -1 -1
13 23 460 82 104 236 -1 -1 -1 -1
13 24 11 104 94.545 214.55 -1 -1 -1 -1
13 26 229 104 94.545 214.55 -1 -1 -1 -1
13 27 514 137 80 181.54 -1 -1 -1 -1
14 5 538 88 80 181.54 -1 -1 -1 -1
14 10 157 75 80 181.54 -1 -1 -1 -1
14 19 375 89 94.545 214.55 -1 -1 -1 -1
14 21 210 135 86.667 196.67 -1 -1 -1 -1
14 26 237 108 86.667 196.67 -1 -1 -1 -1
14 28 462 104 94.545 214.55 -1 -1 -1 -1
14 29 -4 98 104 236 -1 -1 -1 -1
14 30 503 122 86.667 196.67 -1 -1 -1 -1
14 31 410 122 86.667 196.67 -1 -1 -1 -1
15 5 530 82 86.667 196.67 -1 -1 -1 -1
15 17 174 97 52 118 -1 -1 -1 -1
15 19 380 82 104 236 -1 -1 -1 -1
15 26 237 108 86.667 196.67 -1 -1 -1 -1
15 28 462 104 94.545 214.55 -1 -1 -1 -1
15 29 -4 98 104 236 -1 -1 -1 -1
15 30 491 118 94.545 214.55 -1 -1 -1 -1
15 32 348 66 104 236 -1 -1 -1 -1
15 33 185 170 36.769 83.436 -1 -1 -1 -1
16 5 530 82 86.667 196.67 -1 -1 -1 -1
16 17 174 97 52 118 -1 -1 -1 -1
16 24 11 104 94.545 214.55 -1 -1 -1 -1
16 34 380 82 104 236 -1 -1 -1 -1
16 35 476 82 104 236 -1 -1 -1 -1
16 36 237 108 86.667 196.67 -1 -1 -1 -1
16 37 444 98 104 236 -1 -1 -1 -1
16 38 591 109 43.854 99.515 -1 -1 -1 -1
17 5 538 75 80 181.54 -1 -1 -1 -1
17 17 165 85 68.041 154.4 -1 -1 -1 -1
17 34 380 82 104 236 -1 -1 -1 -1
17 35 476 82 104 236 -1 -1 -1 -1
17 37 444 98 104 236 -1 -1 -1 -1
17 38 591 109 43.854 99.515 -1 -1 -1 -1
17 39 244 89 94.545 214.55 -1 -1 -1 -1
17 40 -20 98 104 236 -1 -1 -1 -1
18 5 538 88 80 181.54 -1 -1 -1 -1
18 17 165 85 68.041 154.4 -1 -1 -1 -1
18 34 380 82 104 236 -1 -1 -1 -1
18 35 476 82 104 236 -1 -1 -1 -1
18 37 433 104 94.545 214.55 -1 -1 -1 -1
18 38 585 106 56.877 129.07 -1 -1 -1 -1
18 39 244 89 94.545 214.55 -1 -1 -1 -1
18 40 -20 98 104 236 -1 -1 -1 -1
19 17 165 85 68.041 154.4 -1 -1 -1 -1
19 26 250 108 86.667 196.67 -1 -1 -1 -1
19 34 380 82 104 236 -1 -1 -1 -1
19 37 433 104 94.545 214.55 -1 -1 -1 -1
19 38 585 106 56.877 129.07 -1 -1 -1 -1
19 40 -18 104 94.545 214.55 -1 -1 -1 -1
19 41 492 82 104 236 -1 -1 -1 -1
20 17 174 97 52 118 -1 -1 -1 -1
20 26 244 104 94.545 214.55 -1 -1 -1 -1
20 33 177 161 40 90.769 -1 -1 -1 -1
20 34 380 82 104 236 -1 -1 -1 -1
20 38 585 106 56.877 129.07 -1 -1 -1 -1
20 41 492 82 104 236 -1 -1 -1 -1
20 42 -17 122 86.667 196.67 -1 -1 -1 -1
20 43 412 98 104 236 -1 -1 -1 -1
20 44 366 186 80 181.54 -1 -1 -1 -1
21 17 174 97 52 118 -1 -1 -1 -1
21 37 428 98 104 236 -1 -1 -1 -1
21 41 492 82 104 236 -1 -1 -1 -1
21 42 -17 122 86.667 196.67 -1 -1 -1 -1
21 45 396 82 104 236 -1 -1 -1 -1
21 46 260 104 74.286 168.57 -1 -1 -1 -1
21 47 283 127 74.286 168.57 -1 -1 -1 -1
22 17 165 85 68.041 154.4 -1 -1 -1 -1
22 38 576 106 56.877 129.07 -1 -1 -1 -1
22 39 258 89 94.545 214.55 -1 -1 -1 -1
22 41 492 82 104 236 -1 -1 -1 -1
22 45 396 82 104 236 -1 -1 -1 -1
22 48 -9 171 47.893 108.68 -1 -1 -1 -1
23 17 165 85 68.041 154.4 -1 -1 -1 -1
23 37 428 98 104 236 -1 -1 -1 -1
23 38 574 113 52 118 -1 -1 -1 -1
23 39 258 89 94.545 214.55 -1 -1 -1 -1
23 41 492 82 104 236 -1 -1 -1 -1
23 45 396 82 104 236 -1 -1 -1 -1
23 49 608 114 28.326 64.279 -1 -1 -1 -1
24 17 165 85 68.041 154.4 -1 -1 -1 -1
24 41 505 89 94.545 214.55 -1 -1 -1 -1
24 46 263 108 86.667 196.67 -1 -1 -1 -1
24 50 412 82 104 236 -1 -1 -1 -1
24 51 535 104 94.545 214.55 -1 -1 -1 -1
24 52 290 95 86.667 196.67 -1 -1 -1 -1
24 53 11 265 26 59 -1 -1 -1 -1
25 17 165 85 68.041 154.4 -1 -1 -1 -1
25 38 582 121 52 118 -1 -1 -1 -1
25 39 273 89 94.545 214.55 -1 -1 -1 -1
25 41 505 89 94.545 214.55 -1 -1 -1 -1
25 50 412 82 104 236 -1 -1 -1 -1
25 54 325 98 125.53 284.85 -1 -1 -1 -1
26 17 165 85 68.041 154.4 -1 -1 -1 -1
26 39 273 89 94.545 214.55 -1 -1 -1 -1
26 41 505 89 94.545 214.55 -1 -1 -1 -1
26 50 412 82 104 236 -1 -1 -1 -1
26 51 535 104 94.545 214.55 -1 -1 -1 -1
27 17 165 85 68.041 154.4 -1 -1 -1 -1
27 41 508 82 104 236 -1 -1 -1 -1
27 46 277 108 86.667 196.67 -1 -1 -1 -1
27 49 607 121 26 59 -1 -1 -1 -1
27 50 412 82 104 236 -1 -1 -1 -1
27 54 325 98 125.53 284.85 -1 -1 -1 -1
28 17 165 85 68.041 154.4 -1 -1 -1 -1
28 41 508 82 104 236 -1 -1 -1 -1
28 50 412 82 104 236 -1 -1 -1 -1
28 52 287 89 94.545 214.55 -1 -1 -1 -1
28 55 463 71 112.01 254.17 -1 -1 -1 -1
28 56 258 104 94.545 214.55 -1 -1 -1 -1
29 17 165 85 68.041 154.4 -1 -1 -1 -1
29 41 508 82 104 236 -1 -1 -1 -1
29 46 290 108 86.667 196.67 -1 -1 -1 -1
29 50 412 82 104 236 -1 -1 -1 -1
29 57 477 95 86.667 196.67 -1 -1 -1 -1
30 17 165 95 68.041 154.4 -1 -1 -1 -1
30 39 287 89 94.545 214.55 -1 -1 -1 -1
30 41 508 82 104 236 -1 -1 -1 -1
30 50 412 82 104 236 -1 -1 -1 -1
30 58 444 66 104 236 -1 -1 -1 -1
31 17 165 95 68.041 154.4 -1 -1 -1 -1
31 41 508 82 104 236 -1 -1 -1 -1
31 59 433 89 94.545 214.55 -1 -1 -1 -1
31 60 306 104 74.286 168.57 -1 -1 -1 -1
31 61 404 104 94.545 214.55 -1 -1 -1 -1
31 62 599 185 26 59 -1 -1 -1 -1
32 57 476 89 94.545 214.55 -1 -1 -1 -1
32 59 433 89 94.545 214.55 -1 -1 -1 -1
32 60 303 108 86.667 196.67 -1 -1 -1 -1
32 63 524 82 104 236 -1 -1 -1 -1
32 64 157 75 80 181.54 -1 -1 -1 -1
33 55 460 66 104 236 -1 -1 -1 -1
33 59 428 82 104 236 -1 -1 -1 -1
33 60 303 108 86.667 196.67 -1 -1 -1 -1
33 63 524 82 104 236 -1 -1 -1 -1
33 64 165 85 68.041 154.4 -1 -1 -1 -1
34 55 460 66 104 236 -1 -1 -1 -1
34 59 428 82 104 236 -1 -1 -1 -1
34 63 524 82 104 236 -1 -1 -1 -1
34 64 165 95 68.041 154.4 -1 -1 -1 -1
34 65 317 127 74.286 168.57 -1 -1 -1 -1
34 66 300 193 47.893 108.68 -1 -1 -1 -1
35 63 535 89 94.545 214.55 -1 -1 -1 -1
35 64 165 95 68.041 154.4 -1 -1 -1 -1
35 65 317 112 80 181.54 -1 -1 -1 -1
35 67 444 82 104 236 -1 -1 -1 -1
35 68 412 66 104 236 -1 -1 -1 -1
36 57 476 104 94.545 214.55 -1 -1 -1 -1
36 61 418 104 94.545 214.55 -1 -1 -1 -1
36 63 535 89 94.545 214.55 -1 -1 -1 -1
36 64 165 95 68.041 154.4 -1 -1 -1 -1
36 65 317 108 86.667 196.67 -1 -1 -1 -1
36 67 447 89 94.545 214.55 -1 -1 -1 -1
37 63 535 89 94.545 214.55 -1 -1 -1 -1
37 64 174 97 52 118 -1 -1 -1 -1
37 65 317 108 86.667 196.67 -1 -1 -1 -1
37 66 305 186 80 181.54 -1 -1 -1 -1
37 67 447 89 94.545 214.55 -1 -1 -1 -1
37 69 343 122 86.667 196.67 -1 -1 -1 -1
37 70 182 149 47.893 108.68 -1 -1 -1 -1
37 71 564 104 94.545 214.55 -1 -1 -1 -1
38 57 476 104 94.545 214.55 -1 -1 -1 -1
38 63 535 89 94.545 214.55 -1 -1 -1 -1
38 65 329 112 80 181.54 -1 -1 -1 -1
38 67 447 89 94.545 214.55 -1 -1 -1 -1
38 72 157 75 80 181.54 -1 -1 -1 -1
39 57 476 104 94.545 214.55 -1 -1 -1 -1
39 61 418 104 94.545 214.55 -1 -1 -1 -1
39 63 540 82 104 236 -1 -1 -1 -1
39 65 329 100 80 181.54 -1 -1 -1 -1
39 67 447 89 94.545 214.55 -1 -1 -1 -1
39 72 157 75 80 181.54 -1 -1 -1 -1
40 57 476 104 94.545 214.55 -1 -1 -1 -1
40 61 418 104 94.545 214.55 -1 -1 -1 -1
40 63 549 89 94.545 214.55 -1 -1 -1 -1
40 65 330 95 86.667 196.67 -1 -1 -1 -1
40 67 447 89 94.545 214.55 -1 -1 -1 -1
40 72 157 75 80 181.54 -1 -1 -1 -1
41 61 433 104 94.545 214.55 -1 -1 -1 -1
41 63 549 89 94.545 214.55 -1 -1 -1 -1
41 65 342 100 80 181.54 -1 -1 -1 -1
41 67 462 89 94.545 214.55 -1 -1 -1 -1
41 72 157 75 80 181.54 -1 -1 -1 -1
41 73 366 112 80 181.54 -1 -1 -1 -1
41 74 317 112 80 181.54 -1 -1 -1 -1
42 61 436 109 43.854 99.515 -1 -1 -1 -1
42 63 549 89 94.545 214.55 -1 -1 -1 -1
42 65 343 95 86.667 196.67 -1 -1 -1 -1
42 67 466 93 74.286 168.57 -1 -1 -1 -1
42 72 157 75 80 181.54 -1 -1 -1 -1
42 75 443 171 28.326 64.279 -1 -1 -1 -1
42 76 477 139 74.286 168.57 -1 -1 -1 -1
42 77 520 104 94.545 214.55 -1 -1 -1 -1
43 57 490 108 86.667 196.67 -1 -1 -1 -1
43 63 540 82 104 236 -1 -1 -1 -1
43 65 343 95 86.667 196.67 -1 -1 -1 -1
43 67 463 95 86.667 196.67 -1 -1 -1 -1
43 75 443 177 26 59 -1 -1 -1 -1
43 78 174 97 52 118 -1 -1 -1 -1
43 79 182 149 47.893 108.68 -1 -1 -1 -1
44 63 549 89 94.545 214.55 -1 -1 -1 -1
44 65 343 95 86.667 196.67 -1 -1 -1 -1
44 67 462 89 94.545 214.55 -1 -1 -1 -1
44 72 157 75 80 181.54 -1 -1 -1 -1
44 73 370 108 86.667 196.67 -1 -1 -1 -1
44 77 517 108 86.667 196.67 -1 -1 -1 -1
44 80 433 75 94.545 214.55 -1 -1 -1 -1
45 57 491 104 94.545 214.55 -1 -1 -1 -1
45 65 343 95 86.667 196.67 -1 -1 -1 -1
45 67 462 89 94.545 214.55 -1 -1 -1 -1
45 72 157 75 80 181.54 -1 -1 -1 -1
45 73 378 112 80 181.54 -1 -1 -1 -1
45 80 433 75 94.545 214.55 -1 -1 -1 -1
45 81 557 108 86.667 196.67 -1 -1 -1 -1
46 57 503 108 86.667 196.67 -1 -1 -1 -1
46 65 357 95 86.667 196.67 -1 -1 -1 -1
46 67 462 89 94.545 214.55 -1 -1 -1 -1
46 72 157 75 80 181.54 -1 -1 -1 -1
46 75 440 167 30.847 69.999 -1 -1 -1 -1
46 81 557 108 86.667 196.67 -1 -1 -1 -1
47 65 357 95 86.667 196.67 -1 -1 -1 -1
47 67 476 89 94.545 214.55 -1 -1 -1 -1
47 72 157 75 80 181.54 -1 -1 -1 -1
47 73 383 108 86.667 196.67 -1 -1 -1 -1
47 77 530 108 86.667 196.67 -1 -1 -1 -1
47 80 428 66 104 236 -1 -1 -1 -1
47 81 564 104 94.545 214.55 -1 -1 -1 -1
47 82 345 162 94.545 214.55 -1 -1 -1 -1
48 57 505 104 94.545 214.55 -1 -1 -1 -1
48 63 556 82 104 236 -1 -1 -1 -1
48 65 370 95 86.667 196.67 -1 -1 -1 -1
48 67 476 89 94.545 214.55 -1 -1 -1 -1
48 72 157 75 80 181.54 -1 -1 -1 -1
48 83 433 89 94.545 214.55 -1 -1 -1 -1
48 84 343 108 86.667 196.67 -1 -1 -1 -1
49 57 505 104 94.545 214.55 -1 -1 -1 -1
49 65 370 95 86.667 196.67 -1 -1 -1 -1
49 67 476 89 94.545 214.55 -1 -1 -1 -1
49 81 570 108 86.667 196.67 -1 -1 -1 -1
49 83 433 89 94.545 214.55 -1 -1 -1 -1
49 85 174 97 52 118 -1 -1 -1 -1
49 86 171 189 26 59 -1 -1 -1 -1
49 87 357 175 86.667 196.67 -1 -1 -1 -1
49 88 191 189 26 59 -1 -1 -1 -1
50 57 505 104 94.545 214.55 -1 -1 -1 -1
50 63 564 89 94.545 214.55 -1 -1 -1 -1
50 65 370 95 86.667 196.67 -1 -1 -1 -1
50 67 476 89 94.545 214.55 -1 -1 -1 -1
50 83 428 100 80 181.54 -1 -1 -1 -1
50 85 165 85 68.041 154.4 -1 -1 -1 -1
50 87 357 175 86.667 196.67 -1 -1 -1 -1
51 65 383 95 86.667 196.67 -1 -1 -1 -1
51 67 491 89 94.545 214.55 -1 -1 -1 -1
51 83 428 100 80 181.54 -1 -1 -1 -1
51 85 174 97 52 118 -1 -1 -1 -1
51 87 360 162 94.545 214.55 -1 -1 -1 -1
51 88 191 193 26 59 -1 -1 -1 -1
51 89 535 89 94.545 214.55 -1 -1 -1 -1
51 90 462 104 94.545 214.55 -1 -1 -1 -1
52 63 564 89 94.545 214.55 -1 -1 -1 -1
52 65 383 95 86.667 196.67 -1 -1 -1 -1
52 67 491 89 94.545 214.55 -1 -1 -1 -1
52 72 157 75 80 181.54 -1 -1 -1 -1
52 83 431 93 74.286 168.57 -1 -1 -1 -1
52 90 462 104 94.545 214.55 -1 -1 -1 -1
52 91 520 75 94.545 214.55 -1 -1 -1 -1
53 63 564 89 94.545 214.55 -1 -1 -1 -1
53 65 383 95 86.667 196.67 -1 -1 -1 -1
53 67 505 89 94.545 214.55 -1 -1 -1 -1
53 83 437 95 86.667 196.67 -1 -1 -1 -1
53 85 174 97 52 118 -1 -1 -1 -1
53 90 476 104 94.545 214.55 -1 -1 -1 -1
53 92 410 82 86.667 196.67 -1 -1 -1 -1
53 93 187 156 43.854 99.515 -1 -1 -1 -1
54 65 383 95 86.667 196.67 -1 -1 -1 -1
54 67 505 89 94.545 214.55 -1 -1 -1 -1
54 83 437 95 86.667 196.67 -1 -1 -1 -1
54 85 174 97 52 118 -1 -1 -1 -1
54 92 410 82 86.667 196.67 -1 -1 -1 -1
54 93 185 164 36.769 83.436 -1 -1 -1 -1
55 65 397 95 86.667 196.67 -1 -1 -1 -1
55 67 505 89 94.545 214.55 -1 -1 -1 -1
55 72 157 75 80 181.54 -1 -1 -1 -1
55 83 440 100 80 181.54 -1 -1 -1 -1
56 65 397 95 86.667 196.67 -1 -1 -1 -1
56 67 505 89 94.545 214.55 -1 -1 -1 -1
56 72 157 75 80 181.54 -1 -1 -1 -1
56 94 423 108 86.667 196.67 -1 -1 -1 -1
57 65 397 95 86.667 196.67 -1 -1 -1 -1
57 67 505 75 94.545 214.55 -1 -1 -1 -1
57 72 157 75 80 181.54 -1 -1 -1 -1
57 94 423 108 86.667 196.67 -1 -1 -1 -1
57 95 535 89 94.545 214.55 -1 -1 -1 -1
58 65 397 95 86.667 196.67 -1 -1 -1 -1
58 67 505 89 94.545 214.55 -1 -1 -1 -1
58 72 157 75 80 181.54 -1 -1 -1 -1
58 92 423 82 86.667 196.67 -1 -1 -1 -1
58 96 583 99 40 90.769 -1 -1 -1 -1
59 65 397 95 86.667 196.67 -1 -1 -1 -1
59 67 517 95 86.667 196.67 -1 -1 -1 -1
59 72 157 75 80 181.54 -1 -1 -1 -1
59 92 423 82 86.667 196.67 -1 -1 -1 -1
59 95 549 89 94.545 214.55 -1 -1 -1 -1
60 65 397 95 86.667 196.67 -1 -1 -1 -1
60 67 520 89 94.545 214.55 -1 -1 -1 -1
60 94 423 108 86.667 196.67 -1 -1 -1 -1
60 97 174 97 52 118 -1 -1 -1 -1
60 98 191 189 26 59 -1 -1 -1 -1
61 65 409 104 74.286 168.57 -1 -1 -1 -1
61 67 520 89 94.545 214.55 -1 -1 -1 -1
61 72 157 75 80 181.54 -1 -1 -1 -1
61 94 431 116 74.286 168.57 -1 -1 -1 -1
61 99 386 127 68.041 154.4 -1 -1 -1 -1
62 67 530 95 86.667 196.67 -1 -1 -1 -1
62 72 157 75 80 181.54 -1 -1 -1 -1
62 94 420 116 74.286 168.57 -1 -1 -1 -1
62 100 398 179 40 90.769 -1 -1 -1 -1
63 67 530 95 86.667 196.67 -1 -1 -1 -1
63 72 157 75 80 181.54 -1 -1 -1 -1
63 94 420 116 74.286 168.57 -1 -1 -1 -1
63 101 391 88 80 181.54 -1 -1 -1 -1
63 102 443 127 74.286 168.57 -1 -1 -1 -1
64 67 530 95 86.667 196.67 -1 -1 -1 -1
64 72 157 75 80 181.54 -1 -1 -1 -1
64 101 391 88 80 181.54 -1 -1 -1 -1
64 103 428 100 80 181.54 -1 -1 -1 -1
64 104 557 108 86.667 196.67 -1 -1 -1 -1
65 67 530 95 86.667 196.67 -1 -1 -1 -1
65 72 157 75 80 181.54 -1 -1 -1 -1
65 101 383 82 86.667 196.67 -1 -1 -1 -1
65 103 428 100 80 181.54 -1 -1 -1 -1
66 67 530 95 86.667 196.67 -1 -1 -1 -1
66 72 157 75 80 181.54 -1 -1 -1 -1
66 101 383 82 86.667 196.67 -1 -1 -1 -1
66 103 428 100 80 181.54 -1 -1 -1 -1
66 104 557 108 86.667 196.67 -1 -1 -1 -1
67 67 535 89 94.545 214.55 -1 -1 -1 -1
67 72 157 75 80 181.54 -1 -1 -1 -1
67 101 378 88 80 181.54 -1 -1 -1 -1
67 103 428 100 80 181.54 -1 -1 -1 -1
67 105 452 75 80 181.54 -1 -1 -1 -1
68 67 543 95 86.667 196.67 -1 -1 -1 -1
68 101 378 88 80 181.54 -1 -1 -1 -1
68 103 428 100 80 181.54 -1 -1 -1 -1
68 105 452 88 80 181.54 -1 -1 -1 -1
68 106 165 95 68.041 154.4 -1 -1 -1 -1
69 67 557 95 86.667 196.67 -1 -1 -1 -1
69 101 378 88 80 181.54 -1 -1 -1 -1
69 106 165 95 68.041 154.4 -1 -1 -1 -1
69 107 437 82 86.667 196.67 -1 -1 -1 -1
69 108 410 95 86.667 196.67 -1 -1 -1 -1
69 109 530 68 86.667 196.67 -1 -1 -1 -1
70 101 378 88 80 181.54 -1 -1 -1 -1
70 106 165 95 68.041 154.4 -1 -1 -1 -1
70 107 437 82 86.667 196.67 -1 -1 -1 -1
70 110 549 75 94.545 214.55 -1 -1 -1 -1
71 101 374 93 74.286 168.57 -1 -1 -1 -1
71 105 463 95 86.667 196.67 -1 -1 -1 -1
71 106 165 95 68.041 154.4 -1 -1 -1 -1
71 107 437 82 86.667 196.67 -1 -1 -1 -1
71 109 530 68 86.667 196.67 -1 -1 -1 -1
71 110 557 82 86.667 196.67 -1 -1 -1 -1
72 101 374 93 74.286 168.57 -1 -1 -1 -1
72 105 452 100 80 181.54 -1 -1 -1 -1
72 106 169 81 74.286 168.57 -1 -1 -1 -1
72 109 530 82 86.667 196.67 -1 -1 -1 -1
72 110 557 95 86.667 196.67 -1 -1 -1 -1
73 101 374 93 74.286 168.57 -1 -1 -1 -1
73 105 452 100 80 181.54 -1 -1 -1 -1
73 106 157 75 80 181.54 -1 -1 -1 -1
73 110 557 82 86.667 196.67 -1 -1 -1 -1
74 101 366 88 80 181.54 -1 -1 -1 -1
74 105 454 104 74.286 168.57 -1 -1 -1 -1
74 106 169 81 74.286 168.57 -1 -1 -1 -1
74 110 549 75 94.545 214.55 -1 -1 -1 -1
75 101 366 88 80 181.54 -1 -1 -1 -1
75 105 452 100 80 181.54 -1 -1 -1 -1
75 106 165 95 68.041 154.4 -1 -1 -1 -1
75 109 530 82 86.667 196.67 -1 -1 -1 -1
75 111 557 95 86.667 196.67 -1 -1 -1 -1
76 101 366 88 80 181.54 -1 -1 -1 -1
76 105 466 104 74.286 168.57 -1 -1 -1 -1
76 106 165 95 68.041 154.4 -1 -1 -1 -1
76 109 543 82 86.667 196.67 -1 -1 -1 -1
76 111 570 95 86.667 196.67 -1 -1 -1 -1
76 112 443 116 74.286 168.57 -1 -1 -1 -1
77 101 366 88 80 181.54 -1 -1 -1 -1
77 105 466 104 74.286 168.57 -1 -1 -1 -1
77 106 169 81 74.286 168.57 -1 -1 -1 -1
77 111 563 100 80 181.54 -1 -1 -1 -1
77 113 517 95 86.667 196.67 -1 -1 -1 -1
77 114 446 169 52 118 -1 -1 -1 -1
78 101 363 93 74.286 168.57 -1 -1 -1 -1
78 105 466 104 74.286 168.57 -1 -1 -1 -1
78 106 165 95 68.041 154.4 -1 -1 -1 -1
78 109 530 82 86.667 196.67 -1 -1 -1 -1
78 111 557 95 86.667 196.67 -1 -1 -1 -1
78 112 443 116 74.286 168.57 -1 -1 -1 -1
79 101 363 93 74.286 168.57 -1 -1 -1 -1
79 105 466 104 74.286 168.57 -1 -1 -1 -1
79 106 165 95 68.041 154.4 -1 -1 -1 -1
79 109 530 82 86.667 196.67 -1 -1 -1 -1
79 111 557 95 86.667 196.67 -1 -1 -1 -1
80 101 351 93 74.286 168.57 -1 -1 -1 -1
80 106 165 95 68.041 154.4 -1 -1 -1 -1
80 109 530 82 86.667 196.67 -1 -1 -1 -1
80 111 557 95 86.667 196.67 -1 -1 -1 -1
80 115 463 82 86.667 196.67 -1 -1 -1 -1
80 116 374 104 74.286 168.57 -1 -1 -1 -1
81 101 351 93 74.286 168.57 -1 -1 -1 -1
81 106 165 95 68.041 154.4 -1 -1 -1 -1
81 109 534 93 74.286 168.57 -1 -1 -1 -1
81 111 557 104 74.286 168.57 -1 -1 -1 -1
81 116 374 104 74.286 168.57 -1 -1 -1 -1
81 117 480 95 68.041 154.4 -1 -1 -1 -1
81 118 470 137 68.041 154.4 -1 -1 -1 -1
82 101 351 93 74.286 168.57 -1 -1 -1 -1
82 106 176 95 68.041 154.4 -1 -1 -1 -1
82 111 551 100 80 181.54 -1 -1 -1 -1
82 116 378 100 80 181.54 -1 -1 -1 -1
82 117 477 100 80 181.54 -1 -1 -1 -1
83 101 354 88 80 181.54 -1 -1 -1 -1
83 106 176 95 68.041 154.4 -1 -1 -1 -1
83 109 538 88 80 181.54 -1 -1 -1 -1
83 116 378 100 80 181.54 -1 -1 -1 -1
83 117 477 100 80 181.54 -1 -1 -1 -1
83 119 563 112 80 181.54 -1 -1 -1 -1
84 101 354 88 80 181.54 -1 -1 -1 -1
84 109 538 100 80 181.54 -1 -1 -1 -1
84 117 489 93 74.286 168.57 -1 -1 -1 -1
84 118 470 127 68.041 154.4 -1 -1 -1 -1
84 120 169 81 74.286 168.57 -1 -1 -1 -1
84 121 597 212 33.548 76.129 -1 -1 -1 -1
85 101 354 88 80 181.54 -1 -1 -1 -1
85 109 538 100 80 181.54 -1 -1 -1 -1
85 117 489 104 74.286 168.57 -1 -1 -1 -1
85 120 169 81 74.286 168.57 -1 -1 -1 -1
85 121 597 207 33.548 76.129 -1 -1 -1 -1
85 122 514 88 80 181.54 -1 -1 -1 -1
86 101 344 95 68.041 154.4 -1 -1 -1 -1
86 109 534 104 74.286 168.57 -1 -1 -1 -1
86 116 384 106 56.877 129.07 -1 -1 -1 -1
86 117 489 100 80 181.54 -1 -1 -1 -1
86 120 169 81 74.286 168.57 -1 -1 -1 -1
86 121 592 202 33.548 76.129 -1 -1 -1 -1
87 101 344 95 68.041 154.4 -1 -1 -1 -1
87 106 176 95 68.041 154.4 -1 -1 -1 -1
87 109 534 104 74.286 168.57 -1 -1 -1 -1
87 111 563 100 80 181.54 -1 -1 -1 -1
87 116 384 106 56.877 129.07 -1 -1 -1 -1
87 117 500 104 74.286 168.57 -1 -1 -1 -1
88 101 340 93 74.286 168.57 -1 -1 -1 -1
88 109 534 104 74.286 168.57 -1 -1 -1 -1
88 116 384 106 56.877 129.07 -1 -1 -1 -1
88 117 500 104 74.286 168.57 -1 -1 -1 -1
88 120 169 81 74.286 168.57 -1 -1 -1 -1
89 101 340 93 74.286 168.57 -1 -1 -1 -1
89 109 530 95 86.667 196.67 -1 -1 -1 -1
89 116 384 106 56.877 129.07 -1 -1 -1 -1
89 120 169 81 74.286 168.57 -1 -1 -1 -1
89 122 503 82 86.667 196.67 -1 -1 -1 -1
90 101 340 93 74.286 168.57 -1 -1 -1 -1
90 116 384 106 56.877 129.07 -1 -1 -1 -1
90 117 514 100 80 181.54 -1 -1 -1 -1
90 120 169 81 74.286 168.57 -1 -1 -1 -1
90 123 538 112 80 181.54 -1 -1 -1 -1
91 101 329 88 80 181.54 -1 -1 -1 -1
91 106 176 95 68.041 154.4 -1 -1 -1 -1
91 116 384 106 56.877 129.07 -1 -1 -1 -1
91 117 511 104 74.286 168.57 -1 -1 -1 -1
91 123 538 100 80 181.54 -1 -1 -1 -1
92 101 329 88 80 181.54 -1 -1 -1 -1
92 106 176 85 68.041 154.4 -1 -1 -1 -1
92 116 384 106 56.877 129.07 -1 -1 -1 -1
92 122 514 88 80 181.54 -1 -1 -1 -1
92 123 538 100 80 181.54 -1 -1 -1 -1
93 101 329 88 80 181.54 -1 -1 -1 -1
93 106 176 85 68.041 154.4 -1 -1 -1 -1
93 109 523 104 74.286 168.57 -1 -1 -1 -1
93 124 399 181 26 59 -1 -1 -1 -1
94 101 329 88 80 181.54 -1 -1 -1 -1
94 106 176 85 68.041 154.4 -1 -1 -1 -1
94 122 514 88 80 181.54 -1 -1 -1 -1
94 123 538 100 80 181.54 -1 -1 -1 -1
94 124 399 181 26 59 -1 -1 -1 -1
95 101 329 88 80 181.54 -1 -1 -1 -1
95 106 179 97 62.22 141.19 -1 -1 -1 -1
95 116 384 106 56.877 129.07 -1 -1 -1 -1
95 122 517 82 86.667 196.67 -1 -1 -1 -1
96 101 317 93 74.286 168.57 -1 -1 -1 -1
96 106 176 85 68.041 154.4 -1 -1 -1 -1
96 116 384 106 56.877 129.07 -1 -1 -1 -1
96 122 514 88 80 181.54 -1 -1 -1 -1
96 123 538 100 80 181.54 -1 -1 -1 -1
96 125 340 104 74.286 168.57 -1 -1 -1 -1
96 126 489 100 80 181.54 -1 -1 -1 -1
97 101 317 93 74.286 168.57 -1 -1 -1 -1
97 106 176 85 68.041 154.4 -1 -1 -1 -1
97 116 375 106 68.041 154.4 -1 -1 -1 -1
97 122 514 88 80 181.54 -1 -1 -1 -1
97 123 538 100 80 181.54 -1 -1 -1 -1
97 126 489 100 80 181.54 -1 -1 -1 -1
97 127 351 116 62.22 141.19 -1 -1 -1 -1
98 101 317 93 74.286 168.57 -1 -1 -1 -1
98 106 176 85 68.041 154.4 -1 -1 -1 -1
98 116 384 115 56.877 129.07 -1 -1 -1 -1
98 126 500 104 74.286 168.57 -1 -1 -1 -1
98 128 530 82 86.667 196.67 -1 -1 -1 -1
98 129 369 156 43.854 99.515 -1 -1 -1 -1
99 101 317 88 80 181.54 -1 -1 -1 -1
99 106 179 97 62.22 141.19 -1 -1 -1 -1
99 116 380 107 62.22 141.19 -1 -1 -1 -1
99 126 501 116 68.041 154.4 -1 -1 -1 -1
99 128 530 82 86.667 196.67 -1 -1 -1 -1
100 101 317 93 74.286 168.57 -1 -1 -1 -1
100 106 179 97 62.22 141.19 -1 -1 -1 -1
100 116 382 113 52 118 -1 -1 -1 -1
100 123 538 100 80 181.54 -1 -1 -1 -1
100 130 506 163 47.893 108.68 -1 -1 -1 -1
100 131 520 171 47.893 108.68 -1 -1 -1 -1
101 101 317 93 74.286 168.57 -1 -1 -1 -1
101 106 176 85 68.041 154.4 -1 -1 -1 -1
101 116 382 113 52 118 -1 -1 -1 -1
101 123 538 100 80 181.54 -1 -1 -1 -1
101 130 504 170 43.854 99.515 -1 -1 -1 -1
101 131 520 163 47.893 108.68 -1 -1 -1 -1
101 132 197 95 68.041 154.4 -1 -1 -1 -1
102 101 312 95 68.041 154.4 -1 -1 -1 -1
102 106 179 97 62.22 141.19 -1 -1 -1 -1
102 116 382 113 52 118 -1 -1 -1 -1
102 123 546 104 74.286 168.57 -1 -1 -1 -1
102 131 513 163 47.893 108.68 -1 -1 -1 -1
102 132 198 107 62.22 141.19 -1 -1 -1 -1
102 133 498 156 47.893 108.68 -1 -1 -1 -1
102 134 569 93 74.286 168.57 -1 -1 -1 -1
103 101 306 93 74.286 168.57 -1 -1 -1 -1
103 106 179 97 62.22 141.19 -1 -1 -1 -1
103 126 513 116 62.22 141.19 -1 -1 -1 -1
103 133 498 156 47.893 108.68 -1 -1 -1 -1
103 135 551 88 80 181.54 -1 -1 -1 -1
103 136 391 181 26 59 -1 -1 -1 -1
103 137 399 185 26 59 -1 -1 -1 -1
104 101 306 93 74.286 168.57 -1 -1 -1 -1
104 106 176 85 68.041 154.4 -1 -1 -1 -1
104 116 382 113 52 118 -1 -1 -1 -1
104 123 538 100 80 181.54 -1 -1 -1 -1
104 135 563 88 80 181.54 -1 -1 -1 -1
104 138 486 145 52 118 -1 -1 -1 -1
104 139 514 88 80 181.54 -1 -1 -1 -1
105 101 306 93 74.286 168.57 -1 -1 -1 -1
105 106 179 97 62.22 141.19 -1 -1 -1 -1
105 126 511 116 68.041 154.4 -1 -1 -1 -1
105 135 557 93 74.286 168.57 -1 -1 -1 -1
105 136 386 179 28.326 64.279 -1 -1 -1 -1
105 137 395 175 28.326 64.279 -1 -1 -1 -1
105 140 480 116 68.041 154.4 -1 -1 -1 -1
106 101 306 93 74.286 168.57 -1 -1 -1 -1
106 106 176 95 68.041 154.4 -1 -1 -1 -1
106 123 546 104 74.286 168.57 -1 -1 -1 -1
106 126 501 106 68.041 154.4 -1 -1 -1 -1
106 135 569 93 74.286 168.57 -1 -1 -1 -1
106 136 391 175 28.326 64.279 -1 -1 -1 -1
106 137 403 181 26 59 -1 -1 -1 -1
106 140 480 116 68.041 154.4 -1 -1 -1 -1
106 141 462 156 47.893 108.68 -1 -1 -1 -1
106 142 371 181 26 59 -1 -1 -1 -1
107 101 306 93 74.286 168.57 -1 -1 -1 -1
107 106 179 97 62.22 141.19 -1 -1 -1 -1
107 123 546 104 74.286 168.57 -1 -1 -1 -1
107 126 501 106 68.041 154.4 -1 -1 -1 -1
107 135 569 93 74.286 168.57 -1 -1 -1 -1
107 136 392 172 30.847 69.999 -1 -1 -1 -1
107 140 480 116 68.041 154.4 -1 -1 -1 -1
107 141 463 163 43.854 99.515 -1 -1 -1 -1
107 142 369 175 28.326 64.279 -1 -1 -1 -1
108 101 302 106 68.041 154.4 -1 -1 -1 -1
108 106 176 85 68.041 154.4 -1 -1 -1 -1
108 126 501 106 68.041 154.4 -1 -1 -1 -1
108 135 574 106 68.041 154.4 -1 -1 -1 -1
108 136 399 175 28.326 64.279 -1 -1 -1 -1
108 137 391 185 26 59 -1 -1 -1 -1
108 140 470 116 68.041 154.4 -1 -1 -1 -1
109 101 302 106 68.041 154.4 -1 -1 -1 -1
109 106 179 97 62.22 141.19 -1 -1 -1 -1
109 126 490 106 68.041 154.4 -1 -1 -1 -1
109 135 574 106 68.041 154.4 -1 -1 -1 -1
109 136 395 179 28.326 64.279 -1 -1 -1 -1
109 137 386 175 28.326 64.279 -1 -1 -1 -1
109 140 470 116 68.041 154.4 -1 -1 -1 -1
109 142 370 176 33.548 76.129 -1 -1 -1 -1
109 143 526 129 52 118 -1 -1 -1 -1
109 144 407 185 26 59 -1 -1 -1 -1
110 101 305 106 56.877 129.07 -1 -1 -1 -1
110 106 176 95 68.041 154.4 -1 -1 -1 -1
110 126 501 106 68.041 154.4 -1 -1 -1 -1
110 135 580 93 74.286 168.57 -1 -1 -1 -1
110 140 470 116 68.041 154.4 -1 -1 -1 -1
110 142 370 176 33.548 76.129 -1 -1 -1 -1
110 145 384 115 56.877 129.07 -1 -1 -1 -1
111 101 310 113 52 118 -1 -1 -1 -1
111 106 176 95 68.041 154.4 -1 -1 -1 -1
111 126 501 106 68.041 154.4 -1 -1 -1 -1
111 135 580 93 74.286 168.57 -1 -1 -1 -1
111 140 459 116 68.041 154.4 -1 -1 -1 -1
111 142 370 176 33.548 76.129 -1 -1 -1 -1
111 145 384 115 56.877 129.07 -1 -1 -1 -1
112 101 303 107 62.22 141.19 -1 -1 -1 -1
112 106 176 95 68.041 154.4 -1 -1 -1 -1
112 126 504 116 62.22 141.19 -1 -1 -1 -1
112 135 580 93 74.286 168.57 -1 -1 -1 -1
112 140 459 116 68.041 154.4 -1 -1 -1 -1
112 142 370 176 33.548 76.129 -1 -1 -1 -1
112 145 384 115 56.877 129.07 -1 -1 -1 -1
113 101 303 107 62.22 141.19 -1 -1 -1 -1
113 106 176 95 68.041 154.4 -1 -1 -1 -1
113 126 501 106 68.041 154.4 -1 -1 -1 -1
113 135 580 93 74.286 168.57 -1 -1 -1 -1
113 142 370 176 33.548 76.129 -1 -1 -1 -1
113 145 384 115 56.877 129.07 -1 -1 -1 -1
113 146 454 132 56.877 129.07 -1 -1 -1 -1
114 101 303 107 62.22 141.19 -1 -1 -1 -1
114 106 180 81 74.286 168.57 -1 -1 -1 -1
114 126 504 116 62.22 141.19 -1 -1 -1 -1
114 135 575 88 80 181.54 -1 -1 -1 -1
114 140 449 116 68.041 154.4 -1 -1 -1 -1
114 142 373 176 30.847 69.999 -1 -1 -1 -1
114 145 384 115 56.877 129.07 -1 -1 -1 -1
115 101 294 107 62.22 141.19 -1 -1 -1 -1
115 106 180 81 74.286 168.57 -1 -1 -1 -1
115 126 504 116 62.22 141.19 -1 -1 -1 -1
115 140 447 126 62.22 141.19 -1 -1 -1 -1
115 145 380 107 62.22 141.19 -1 -1 -1 -1
115 147 590 97 62.22 141.19 -1 -1 -1 -1
116 101 294 107 62.22 141.19 -1 -1 -1 -1
116 106 180 81 74.286 168.57 -1 -1 -1 -1
116 126 504 107 62.22 141.19 -1 -1 -1 -1
116 140 445 132 56.877 129.07 -1 -1 -1 -1
116 142 373 181 30.847 69.999 -1 -1 -1 -1
116 145 384 115 56.877 129.07 -1 -1 -1 -1
116 147 590 97 62.22 141.19 -1 -1 -1 -1
117 101 294 107 62.22 141.19 -1 -1 -1 -1
117 106 176 85 68.041 154.4 -1 -1 -1 -1
117 126 513 107 62.22 141.19 -1 -1 -1 -1
117 142 373 181 30.847 69.999 -1 -1 -1 -1
117 145 384 115 56.877 129.07 -1 -1 -1 -1
117 147 580 93 74.286 168.57 -1 -1 -1 -1
117 148 437 116 62.22 141.19 -1 -1 -1 -1
117 149 494 116 62.22 141.19 -1 -1 -1 -1
117 150 197 95 68.041 154.4 -1 -1 -1 -1
117 151 462 153 52 118 -1 -1 -1 -1
118 101 294 107 62.22 141.19 -1 -1 -1 -1
118 106 180 81 74.286 168.57 -1 -1 -1 -1
118 145 384 115 56.877 129.07 -1 -1 -1 -1
118 149 494 116 62.22 141.19 -1 -1 -1 -1
118 152 447 156 47.893 108.68 -1 -1 -1 -1
118 153 594 106 56.877 129.07 -1 -1 -1 -1
119 101 294 97 62.22 141.19 -1 -1 -1 -1
119 106 180 81 74.286 168.57 -1 -1 -1 -1
119 142 378 179 28.326 64.279 -1 -1 -1 -1
119 148 437 116 62.22 141.19 -1 -1 -1 -1
119 149 494 107 62.22 141.19 -1 -1 -1 -1
119 154 411 185 26 59 -1 -1 -1 -1
119 155 399 185 26 59 -1 -1 -1 -1
120 101 291 95 68.041 154.4 -1 -1 -1 -1
120 106 176 85 68.041 154.4 -1 -1 -1 -1
120 140 438 145 52 118 -1 -1 -1 -1
120 145 384 115 56.877 129.07 -1 -1 -1 -1
120 149 494 107 62.22 141.19 -1 -1 -1 -1
120 150 197 95 68.041 154.4 -1 -1 -1 -1
121 101 294 97 62.22 141.19 -1 -1 -1 -1
121 106 180 81 74.286 168.57 -1 -1 -1 -1
121 140 438 145 52 118 -1 -1 -1 -1
121 145 384 123 56.877 129.07 -1 -1 -1 -1
121 149 494 107 62.22 141.19 -1 -1 -1 -1
122 101 294 97 62.22 141.19 -1 -1 -1 -1
122 142 382 179 28.326 64.279 -1 -1 -1 -1
122 148 427 116 62.22 141.19 -1 -1 -1 -1
122 149 494 107 62.22 141.19 -1 -1 -1 -1
122 150 186 95 68.041 154.4 -1 -1 -1 -1
122 155 404 179 28.326 64.279 -1 -1 -1 -1
123 101 296 106 56.877 129.07 -1 -1 -1 -1
123 106 180 81 74.286 168.57 -1 -1 -1 -1
123 140 430 145 52 118 -1 -1 -1 -1
123 145 389 116 62.22 141.19 -1 -1 -1 -1
123 149 485 107 62.22 141.19 -1 -1 -1 -1
124 101 296 106 56.877 129.07 -1 -1 -1 -1
124 106 186 85 68.041 154.4 -1 -1 -1 -1
124 140 427 132 56.877 129.07 -1 -1 -1 -1
124 145 396 106 68.041 154.4 -1 -1 -1 -1
124 149 489 115 56.877 129.07 -1 -1 -1 -1
124 156 378 158 28.326 64.279 -1 -1 -1 -1
125 106 186 85 68.041 154.4 -1 -1 -1 -1
125 145 386 106 68.041 154.4 -1 -1 -1 -1
125 148 418 116 62.22 141.19 -1 -1 -1 -1
125 149 489 115 56.877 129.07 -1 -1 -1 -1
125 157 283 81 74.286 168.57 -1 -1 -1 -1
126 106 189 97 62.22 141.19 -1 -1 -1 -1
126 145 389 116 62.22 141.19 -1 -1 -1 -1
126 148 418 116 62.22 141.19 -1 -1 -1 -1
126 149 486 129 52 118 -1 -1 -1 -1
126 156 378 153 30.847 69.999 -1 -1 -1 -1
126 157 281 95 68.041 154.4 -1 -1 -1 -1
127 106 189 97 62.22 141.19 -1 -1 -1 -1
127 148 408 116 62.22 141.19 -1 -1 -1 -1
127 149 486 129 52 118 -1 -1 -1 -1
127 156 378 157 30.847 69.999 -1 -1 -1 -1
127 157 281 95 68.041 154.4 -1 -1 -1 -1
127 158 519 197 26 59 -1 -1 -1 -1
128 148 408 116 62.22 141.19 -1 -1 -1 -1
128 149 486 129 52 118 -1 -1 -1 -1
128 156 378 157 30.847 69.999 -1 -1 -1 -1
128 159 189 97 62.22 141.19 -1 -1 -1 -1
128 160 281 95 68.041 154.4 -1 -1 -1 -1
129 145 396 106 68.041 154.4 -1 -1 -1 -1
129 148 417 116 68.041 154.4 -1 -1 -1 -1
129 156 382 162 28.326 64.279 -1 -1 -1 -1
129 159 186 85 68.041 154.4 -1 -1 -1 -1
129 160 281 95 68.041 154.4 -1 -1 -1 -1
129 161 475 116 62.22 141.19 -1 -1 -1 -1
130 145 399 116 62.22 141.19 -1 -1 -1 -1
130 148 418 126 62.22 141.19 -1 -1 -1 -1
130 159 186 85 68.041 154.4 -1 -1 -1 -1
130 160 281 95 68.041 154.4 -1 -1 -1 -1
130 161 475 116 62.22 141.19 -1 -1 -1 -1
131 145 399 116 62.22 141.19 -1 -1 -1 -1
131 159 180 81 74.286 168.57 -1 -1 -1 -1
131 160 281 95 68.041 154.4 -1 -1 -1 -1
131 161 478 129 52 118 -1 -1 -1 -1
132 106 189 97 62.22 141.19 -1 -1 -1 -1
132 145 396 106 68.041 154.4 -1 -1 -1 -1
132 160 281 95 68.041 154.4 -1 -1 -1 -1
132 161 471 123 56.877 129.07 -1 -1 -1 -1
133 106 189 97 62.22 141.19 -1 -1 -1 -1
133 160 281 95 68.041 154.4 -1 -1 -1 -1
133 162 471 123 56.877 129.07 -1 -1 -1 -1
133 163 396 106 68.041 154.4 -1 -1 -1 -1
134 106 189 97 62.22 141.19 -1 -1 -1 -1
134 160 281 95 68.041 154.4 -1 -1 -1 -1
134 162 466 116 62.22 141.19 -1 -1 -1 -1
134 163 389 116 62.22 141.19 -1 -1 -1 -1
135 106 186 85 68.041 154.4 -1 -1 -1 -1
135 160 281 95 68.041 154.4 -1 -1 -1 -1
135 162 471 123 56.877 129.07 -1 -1 -1 -1
135 163 389 116 62.22 141.19 -1 -1 -1 -1
136 106 186 85 68.041 154.4 -1 -1 -1 -1
136 160 270 95 68.041 154.4 -1 -1 -1 -1
136 162 466 116 62.22 141.19 -1 -1 -1 -1
136 163 389 107 62.22 141.19 -1 -1 -1 -1
136 164 291 106 68.041 154.4 -1 -1 -1 -1
137 106 186 85 68.041 154.4 -1 -1 -1 -1
137 160 270 95 68.041 154.4 -1 -1 -1 -1
137 162 466 116 62.22 141.19 -1 -1 -1 -1
137 163 386 106 68.041 154.4 -1 -1 -1 -1
137 164 291 106 68.041 154.4 -1 -1 -1 -1
138 106 180 81 74.286 168.57 -1 -1 -1 -1
138 160 270 95 68.041 154.4 -1 -1 -1 -1
138 162 459 106 68.041 154.4 -1 -1 -1 -1
138 163 386 106 68.041 154.4 -1 -1 -1 -1
139 106 176 85 68.041 154.4 -1 -1 -1 -1
139 160 270 95 68.041 154.4 -1 -1 -1 -1
139 162 462 97 52 118 -1 -1 -1 -1
139 163 386 106 68.041 154.4 -1 -1 -1 -1
139 165 470 137 52 118 -1 -1 -1 -1
139 166 197 95 68.041 154.4 -1 -1 -1 -1
139 167 -15 112 80 181.54 -1 -1 -1 -1
140 106 180 81 74.286 168.57 -1 -1 -1 -1
140 160 260 95 68.041 154.4 -1 -1 -1 -1
140 162 456 107 62.22 141.19 -1 -1 -1 -1
140 163 386 106 68.041 154.4 -1 -1 -1 -1
140 167 -14 104 74.286 168.57 -1 -1 -1 -1
140 168 307 186 30.847 69.999 -1 -1 -1 -1
140 169 369 156 43.854 99.515 -1 -1 -1 -1
141 106 176 85 68.041 154.4 -1 -1 -1 -1
141 160 260 95 68.041 154.4 -1 -1 -1 -1
141 162 456 107 62.22 141.19 -1 -1 -1 -1
141 163 386 106 68.041 154.4 -1 -1 -1 -1
141 166 197 95 68.041 154.4 -1 -1 -1 -1
141 168 311 193 26 59 -1 -1 -1 -1
141 169 375 158 68.041 154.4 -1 -1 -1 -1
141 170 6 121 52 118 -1 -1 -1 -1
141 171 432 176 33.548 76.129 -1 -1 -1 -1
142 106 176 85 68.041 154.4 -1 -1 -1 -1
142 160 260 95 68.041 154.4 -1 -1 -1 -1
142 162 456 107 62.22 141.19 -1 -1 -1 -1
142 163 386 106 68.041 154.4 -1 -1 -1 -1
142 166 197 95 68.041 154.4 -1 -1 -1 -1
142 167 -15 100 80 181.54 -1 -1 -1 -1
142 168 307 186 30.847 69.999 -1 -1 -1 -1
142 172 365 127 68.041 154.4 -1 -1 -1 -1
143 106 186 85 68.041 154.4 -1 -1 -1 -1
143 160 260 95 68.041 154.4 -1 -1 -1 -1
143 162 456 107 62.22 141.19 -1 -1 -1 -1
143 163 386 106 68.041 154.4 -1 -1 -1 -1
143 167 -17 95 86.667 196.67 -1 -1 -1 -1
143 168 308 193 28.326 64.279 -1 -1 -1 -1
143 172 365 116 68.041 154.4 -1 -1 -1 -1
144 106 179 97 62.22 141.19 -1 -1 -1 -1
144 160 249 95 68.041 154.4 -1 -1 -1 -1
144 162 456 116 62.22 141.19 -1 -1 -1 -1
144 163 396 106 68.041 154.4 -1 -1 -1 -1
144 168 307 197 26 59 -1 -1 -1 -1
144 172 370 116 62.22 141.19 -1 -1 -1 -1
144 173 8 137 68.041 154.4 -1 -1 -1 -1
145 106 179 97 62.22 141.19 -1 -1 -1 -1
145 160 249 95 68.041 154.4 -1 -1 -1 -1
145 162 449 106 68.041 154.4 -1 -1 -1 -1
145 163 399 116 62.22 141.19 -1 -1 -1 -1
145 168 303 197 26 59 -1 -1 -1 -1
145 170 18 116 68.041 154.4 -1 -1 -1 -1
145 172 365 106 68.041 154.4 -1 -1 -1 -1
146 106 179 97 62.22 141.19 -1 -1 -1 -1
146 160 249 95 68.041 154.4 -1 -1 -1 -1
146 162 456 116 62.22 141.19 -1 -1 -1 -1
146 163 399 116 62.22 141.19 -1 -1 -1 -1
146 168 299 188 28.326 64.279 -1 -1 -1 -1
146 170 20 116 74.286 168.57 -1 -1 -1 -1
146 172 361 116 62.22 141.19 -1 -1 -1 -1
146 174 380 107 62.22 141.19 -1 -1 -1 -1
146 175 357 202 56.877 129.07 -1 -1 -1 -1
147 106 176 95 68.041 154.4 -1 -1 -1 -1
147 160 249 95 68.041 154.4 -1 -1 -1 -1
147 162 449 106 68.041 154.4 -1 -1 -1 -1
147 163 399 116 62.22 141.19 -1 -1 -1 -1
147 170 20 116 74.286 168.57 -1 -1 -1 -1
147 172 361 116 62.22 141.19 -1 -1 -1 -1
147 175 357 202 56.877 129.07 -1 -1 -1 -1
148 106 176 95 68.041 154.4 -1 -1 -1 -1
148 160 249 95 68.041 154.4 -1 -1 -1 -1
148 162 449 106 68.041 154.4 -1 -1 -1 -1
148 163 399 116 62.22 141.19 -1 -1 -1 -1
148 170 20 127 74.286 168.57 -1 -1 -1 -1
148 172 361 116 62.22 141.19 -1 -1 -1 -1
149 106 179 97 62.22 141.19 -1 -1 -1 -1
149 160 249 95 68.041 154.4 -1 -1 -1 -1
149 162 447 107 62.22 141.19 -1 -1 -1 -1
149 163 399 116 62.22 141.19 -1 -1 -1 -1
149 172 361 116 62.22 141.19 -1 -1 -1 -1
149 176 34 100 80 181.54 -1 -1 -1 -1
149 177 341 107 62.22 141.19 -1 -1 -1 -1
150 106 179 97 62.22 141.19 -1 -1 -1 -1
150 160 249 95 68.041 154.4 -1 -1 -1 -1
150 162 454 105 52 118 -1 -1 -1 -1
150 163 399 116 62.22 141.19 -1 -1 -1 -1
150 172 351 116 62.22 141.19 -1 -1 -1 -1
150 176 34 100 80 181.54 -1 -1 -1 -1
150 178 467 197 26 59 -1 -1 -1 -1
151 106 176 85 68.041 154.4 -1 -1 -1 -1
151 160 249 95 68.041 154.4 -1 -1 -1 -1
151 162 454 105 52 118 -1 -1 -1 -1
151 163 396 106 68.041 154.4 -1 -1 -1 -1
151 172 351 116 62.22 141.19 -1 -1 -1 -1
151 179 43 116 74.286 168.57 -1 -1 -1 -1
152 106 176 85 68.041 154.4 -1 -1 -1 -1
152 160 249 95 68.041 154.4 -1 -1 -1 -1
152 162 445 106 56.877 129.07 -1 -1 -1 -1
152 163 399 116 62.22 141.19 -1 -1 -1 -1
152 172 351 116 62.22 141.19 -1 -1 -1 -1
152 179 43 116 74.286 168.57 -1 -1 -1 -1
153 106 176 85 68.041 154.4 -1 -1 -1 -1
153 160 249 95 68.041 154.4 -1 -1 -1 -1
153 162 447 107 62.22 141.19 -1 -1 -1 -1
153 163 399 107 62.22 141.19 -1 -1 -1 -1
153 172 351 116 62.22 141.19 -1 -1 -1 -1
153 179 43 116 74.286 168.57 -1 -1 -1 -1
154 106 176 95 68.041 154.4 -1 -1 -1 -1
154 160 249 95 68.041 154.4 -1 -1 -1 -1
154 162 438 106 68.041 154.4 -1 -1 -1 -1
154 163 399 107 62.22 141.19 -1 -1 -1 -1
154 172 351 116 62.22 141.19 -1 -1 -1 -1
154 180 81 207 33.548 76.129 -1 -1 -1 -1
155 106 176 85 68.041 154.4 -1 -1 -1 -1
155 160 249 95 68.041 154.4 -1 -1 -1 -1
155 162 438 106 68.041 154.4 -1 -1 -1 -1
155 172 350 105 52 118 -1 -1 -1 -1
155 179 54 116 74.286 168.57 -1 -1 -1 -1
155 181 342 137 52 118 -1 -1 -1 -1
155 182 391 88 80 181.54 -1 -1 -1 -1
156 106 176 85 68.041 154.4 -1 -1 -1 -1
156 160 249 95 68.041 154.4 -1 -1 -1 -1
156 162 437 116 62.22 141.19 -1 -1 -1 -1
156 163 389 116 62.22 141.19 -1 -1 -1 -1
156 179 60 116 68.041 154.4 -1 -1 -1 -1
156 181 342 137 52 118 -1 -1 -1 -1
157 106 179 97 62.22 141.19 -1 -1 -1 -1
157 160 239 95 68.041 154.4 -1 -1 -1 -1
157 162 438 106 68.041 154.4 -1 -1 -1 -1
157 179 60 127 68.041 154.4 -1 -1 -1 -1
157 181 342 137 52 118 -1 -1 -1 -1
157 183 413 188 28.326 64.279 -1 -1 -1 -1
157 184 425 186 30.847 69.999 -1 -1 -1 -1
157 185 397 162 30.847 69.999 -1 -1 -1 -1
158 106 176 85 68.041 154.4 -1 -1 -1 -1
158 160 239 95 68.041 154.4 -1 -1 -1 -1
158 162 437 116 62.22 141.19 -1 -1 -1 -1
158 163 389 116 62.22 141.19 -1 -1 -1 -1
158 179 66 116 74.286 168.57 -1 -1 -1 -1
158 181 342 137 52 118 -1 -1 -1 -1
159 106 179 97 62.22 141.19 -1 -1 -1 -1
159 160 249 95 68.041 154.4 -1 -1 -1 -1
159 162 437 116 62.22 141.19 -1 -1 -1 -1
159 179 77 116 74.286 168.57 -1 -1 -1 -1
159 182 391 88 80 181.54 -1 -1 -1 -1
159 186 332 107 62.22 141.19 -1 -1 -1 -1
160 106 176 85 68.041 154.4 -1 -1 -1 -1
160 160 249 95 68.041 154.4 -1 -1 -1 -1
160 162 437 116 62.22 141.19 -1 -1 -1 -1
160 163 399 116 62.22 141.19 -1 -1 -1 -1
160 179 77 116 74.286 168.57 -1 -1 -1 -1
160 181 340 123 56.877 129.07 -1 -1 -1 -1
161 106 176 85 68.041 154.4 -1 -1 -1 -1
161 160 249 95 68.041 154.4 -1 -1 -1 -1
161 162 437 116 62.22 141.19 -1 -1 -1 -1
161 163 389 116 62.22 141.19 -1 -1 -1 -1
161 181 332 116 62.22 141.19 -1 -1 -1 -1
161 187 127 205 30.847 69.999 -1 -1 -1 -1
162 106 179 97 62.22 141.19 -1 -1 -1 -1
162 160 246 97 62.22 141.19 -1 -1 -1 -1
162 162 437 116 62.22 141.19 -1 -1 -1 -1
162 163 389 116 62.22 141.19 -1 -1 -1 -1
162 179 77 116 74.286 168.57 -1 -1 -1 -1
162 181 332 116 62.22 141.19 -1 -1 -1 -1
162 187 139 213 26 59 -1 -1 -1 -1
163 160 249 85 68.041 154.4 -1 -1 -1 -1
163 163 389 116 62.22 141.19 -1 -1 -1 -1
163 181 332 116 62.22 141.19 -1 -1 -1 -1
163 188 180 81 74.286 168.57 -1 -1 -1 -1
163 189 436 132 56.877 129.07 -1 -1 -1 -1
164 106 179 97 62.22 141.19 -1 -1 -1 -1
164 160 246 97 62.22 141.19 -1 -1 -1 -1
164 162 427 116 62.22 141.19 -1 -1 -1 -1
164 163 389 116 62.22 141.19 -1 -1 -1 -1
164 181 332 116 62.22 141.19 -1 -1 -1 -1
165 106 176 85 68.041 154.4 -1 -1 -1 -1
165 160 249 85 68.041 154.4 -1 -1 -1 -1
165 162 428 106 68.041 154.4 -1 -1 -1 -1
165 163 380 116 62.22 141.19 -1 -1 -1 -1
165 181 331 123 56.877 129.07 -1 -1 -1 -1
165 190 146 185 40 90.769 -1 -1 -1 -1
165 191 407 116 68.041 154.4 -1 -1 -1 -1
166 106 176 85 68.041 154.4 -1 -1 -1 -1
166 160 252 97 56.877 129.07 -1 -1 -1 -1
166 162 428 106 68.041 154.4 -1 -1 -1 -1
166 163 380 116 62.22 141.19 -1 -1 -1 -1
166 181 331 115 56.877 129.07 -1 -1 -1 -1
166 187 143 210 28.326 64.279 -1 -1 -1 -1
166 191 407 116 68.041 154.4 -1 -1 -1 -1
167 106 179 97 62.22 141.19 -1 -1 -1 -1
167 160 256 97 62.22 141.19 -1 -1 -1 -1
167 162 417 106 68.041 154.4 -1 -1 -1 -1
167 163 380 116 62.22 141.19 -1 -1 -1 -1
167 181 332 107 62.22 141.19 -1 -1 -1 -1
167 192 100 116 74.286 168.57 -1 -1 -1 -1
167 193 123 104 74.286 168.57 -1 -1 -1 -1
168 106 176 85 68.041 154.4 -1 -1 -1 -1
168 160 249 85 68.041 154.4 -1 -1 -1 -1
168 162 417 106 68.041 154.4 -1 -1 -1 -1
168 163 380 116 62.22 141.19 -1 -1 -1 -1
168 181 331 115 56.877 129.07 -1 -1 -1 -1
168 193 111 104 74.286 168.57 -1 -1 -1 -1
169 106 179 97 62.22 141.19 -1 -1 -1 -1
169 160 249 85 68.041 154.4 -1 -1 -1 -1
169 162 417 106 68.041 154.4 -1 -1 -1 -1
169 163 375 106 68.041 154.4 -1 -1 -1 -1
169 181 322 107 62.22 141.19 -1 -1 -1 -1
169 192 100 116 74.286 168.57 -1 -1 -1 -1
169 193 123 104 74.286 168.57 -1 -1 -1 -1
170 106 176 85 68.041 154.4 -1 -1 -1 -1
170 160 249 95 68.041 154.4 -1 -1 -1 -1
170 162 417 106 68.041 154.4 -1 -1 -1 -1
170 163 375 106 68.041 154.4 -1 -1 -1 -1
170 181 322 107 62.22 141.19 -1 -1 -1 -1
170 193 123 104 74.286 168.57 -1 -1 -1 -1
171 106 180 81 74.286 168.57 -1 -1 -1 -1
171 160 246 97 62.22 141.19 -1 -1 -1 -1
171 162 417 106 68.041 154.4 -1 -1 -1 -1
171 181 322 107 62.22 141.19 -1 -1 -1 -1
171 193 123 104 74.286 168.57 -1 -1 -1 -1
171 194 401 181 33.548 76.129 -1 -1 -1 -1
171 195 344 168 68.041 154.4 -1 -1 -1 -1
172 106 176 85 68.041 154.4 -1 -1 -1 -1
172 160 246 97 62.22 141.19 -1 -1 -1 -1
172 162 417 106 68.041 154.4 -1 -1 -1 -1
172 181 322 107 62.22 141.19 -1 -1 -1 -1
172 194 396 181 33.548 76.129 -1 -1 -1 -1
172 196 129 149 56.877 129.07 -1 -1 -1 -1
172 197 370 161 33.548 76.129 -1 -1 -1 -1
173 106 176 85 68.041 154.4 -1 -1 -1 -1
173 160 246 97 62.22 141.19 -1 -1 -1 -1
173 162 423 109 43.854 99.515 -1 -1 -1 -1
173 181 322 107 62.22 141.19 -1 -1 -1 -1
173 193 123 116 68.041 154.4 -1 -1 -1 -1
173 194 396 181 33.548 76.129 -1 -1 -1 -1
173 198 430 137 52 118 -1 -1 -1 -1
174 106 176 85 68.041 154.4 -1 -1 -1 -1
174 160 246 97 62.22 141.19 -1 -1 -1 -1
174 162 423 109 43.854 99.515 -1 -1 -1 -1
174 163 375 106 68.041 154.4 -1 -1 -1 -1
174 181 322 107 62.22 141.19 -1 -1 -1 -1
174 193 134 116 68.041 154.4 -1 -1 -1 -1
174 198 430 145 52 118 -1 -1 -1 -1
175 106 176 85 68.041 154.4 -1 -1 -1 -1
175 160 246 97 62.22 141.19 -1 -1 -1 -1
175 162 417 116 68.041 154.4 -1 -1 -1 -1
175 163 370 116 62.22 141.19 -1 -1 -1 -1
175 181 322 107 62.22 141.19 -1 -1 -1 -1
175 196 142 153 52 118 -1 -1 -1 -1
176 106 176 85 68.041 154.4 -1 -1 -1 -1
176 160 246 97 62.22 141.19 -1 -1 -1 -1
176 162 423 109 43.854 99.515 -1 -1 -1 -1
176 163 370 116 62.22 141.19 -1 -1 -1 -1
176 181 322 107 62.22 141.19 -1 -1 -1 -1
176 196 138 149 56.877 129.07 -1 -1 -1 -1
176 198 430 145 52 118 -1 -1 -1 -1
176 199 155 106 68.041 154.4 -1 -1 -1 -1
177 106 179 97 62.22 141.19 -1 -1 -1 -1
177 160 249 95 68.041 154.4 -1 -1 -1 -1
177 162 417 104 47.893 108.68 -1 -1 -1 -1
177 163 370 116 62.22 141.19 -1 -1 -1 -1
177 181 322 107 62.22 141.19 -1 -1 -1 -1
177 196 141 136 62.22 141.19 -1 -1 -1 -1
177 200 429 163 43.854 99.515 -1 -1 -1 -1
177 201 432 119 47.893 108.68 -1 -1 -1 -1
178 106 176 85 68.041 154.4 -1 -1 -1 -1
178 160 239 95 68.041 154.4 -1 -1 -1 -1
178 196 141 136 62.22 141.19 -1 -1 -1 -1
178 202 312 95 68.041 154.4 -1 -1 -1 -1
178 203 374 145 52 118 -1 -1 -1 -1
178 204 403 88 80 181.54 -1 -1 -1 -1
178 205 360 192 33.548 76.129 -1 -1 -1 -1
179 160 246 97 62.22 141.19 -1 -1 -1 -1
179 199 146 104 74.286 168.57 -1 -1 -1 -1
179 202 313 107 62.22 141.19 -1 -1 -1 -1
179 204 403 88 80 181.54 -1 -1 -1 -1
179 205 360 192 33.548 76.129 -1 -1 -1 -1
179 206 383 191 30.847 69.999 -1 -1 -1 -1
179 207 170 68 86.667 196.67 -1 -1 -1 -1
